71
FR682468   0.00000000 0.01032903 0.01137178 0.00826040 0.01136889 0.00825539 0.00721794 0.01136109 0.00411745 0.01137047 0.01137404 0.00825543 0.01448783 0.00514919 0.00619358 0.00514924 0.01138364 0.01033455 0.01240629 0.01136889 0.01240830 0.04254755 0.01240830 0.00721795 0.01033543 0.01033629 0.00929182 0.00929318 0.01033543 0.01033543 0.00929182 0.00929182 0.00825543 0.00929187 0.00929687 0.01033067 0.01033543 0.00929313 0.00825543 0.00825543 0.01137086 0.01033067 0.01033543 0.00825547 0.01033067 0.00929313 0.01345077 0.00929878 0.01137079 0.00929318 0.00929313 0.01033224 0.01034268 0.01243656 0.01241017 0.01137257 0.04027665 0.00929454 0.00722046 0.00722004 0.00825336 0.01243084 0.01138778 0.01138778 0.01453621 0.00825199 0.00618202 0.00618196 0.00826170 0.01136895 0.00722405 
MT847623   0.01032903 0.00000000 0.01974651 0.00411593 0.00308434 0.00205479 0.00928622 0.02182343 0.00618019 0.01136715 0.01137133 0.00205481 0.02078725 0.00721358 0.00826349 0.00721361 0.00308844 0.00205605 0.00411366 0.00308450 0.00411440 0.03385388 0.00411440 0.00928623 0.00411600 0.00411634 0.00308368 0.00308413 0.00411600 0.00411600 0.00308370 0.00308368 0.00205480 0.00308370 0.00308535 0.00411413 0.00411600 0.00308411 0.00205481 0.00205481 0.00514587 0.00411413 0.00411600 0.00205481 0.00411413 0.00308411 0.01553017 0.00514878 0.00514651 0.00308437 0.00308451 0.00617871 0.00618489 0.00826327 0.00617863 0.00721298 0.05120071 0.00514618 0.00308404 0.00308402 0.01032342 0.00825954 0.00722219 0.00722219 0.01034762 0.01032165 0.00824803 0.00824796 0.01033384 0.00721032 0.00929410 
MT459800   0.01137178 0.01974651 0.00000000 0.01975855 0.02079857 0.01974631 0.01869249 0.02288367 0.01554978 0.01972604 0.02080803 0.01974640 0.02394848 0.01659464 0.01767387 0.01659479 0.02082604 0.01975725 0.02184527 0.02079857 0.02184887 0.05245422 0.02184887 0.01869260 0.02185940 0.02186126 0.02079567 0.02079876 0.02185940 0.02185940 0.02079567 0.02079567 0.01974640 0.02079577 0.02080721 0.02184898 0.02185940 0.02079867 0.01974640 0.01974640 0.02290380 0.02184898 0.02185940 0.01974651 0.02184898 0.02079867 0.02500929 0.02081159 0.02080211 0.01870133 0.01870122 0.02185248 0.02187507 0.02400792 0.02185222 0.02290746 0.05231434 0.02080188 0.01869926 0.01869815 0.01974121 0.02399633 0.02293853 0.02293853 0.02505306 0.01973796 0.01764034 0.01764018 0.01976171 0.02290001 0.01870876 
MT847622   0.00826040 0.00411593 0.01975855 0.00000000 0.00514843 0.00205601 0.00722014 0.01973860 0.00411870 0.01137397 0.01137815 0.00205603 0.02290141 0.00515078 0.00619546 0.00515080 0.00515531 0.00411840 0.00617994 0.00514870 0.00618105 0.03383160 0.00618105 0.00722015 0.00411845 0.00411879 0.00308552 0.00308596 0.00411845 0.00411845 0.00308553 0.00308552 0.00205602 0.00308553 0.00308719 0.00411658 0.00411845 0.00308595 0.00205603 0.00205603 0.00514894 0.00411658 0.00411845 0.00102691 0.00411658 0.00308595 0.01136035 0.00308819 0.00411521 0.00205525 0.00205535 0.00308496 0.00412182 0.00619529 0.00618230 0.00411585 0.04905264 0.00308663 0.00102765 0.00102765 0.00825592 0.00619251 0.00515692 0.00515692 0.00619300 0.00825451 0.00618390 0.00618384 0.00826423 0.00514846 0.00722625 
MT847621   0.01136889 0.00308434 0.02079857 0.00514843 0.00000000 0.00514533 0.01032433 0.02287664 0.00721463 0.01240811 0.01241268 0.00514538 0.02184001 0.00824912 0.00930212 0.00824916 0.00412045 0.00308596 0.00514559 0.00205566 0.00308479 0.03278520 0.00308479 0.01032434 0.00721472 0.00721532 0.00617739 0.00617828 0.00721472 0.00721472 0.00617742 0.00617739 0.00514536 0.00617742 0.00618075 0.00721142 0.00721472 0.00617825 0.00514538 0.00514538 0.00824677 0.00721142 0.00721472 0.00514538 0.00721142 0.00617825 0.01657621 0.00618231 0.00617958 0.00411500 0.00411519 0.00721289 0.00722012 0.00930188 0.00721280 0.00824844 0.05230030 0.00617918 0.00411456 0.00411453 0.01136270 0.00929766 0.00825898 0.00825898 0.01138937 0.01136074 0.00928470 0.00928461 0.01137419 0.00617826 0.01033310 
MT847620   0.00825539 0.00205479 0.01974631 0.00205601 0.00514533 0.00000000 0.00721578 0.01972638 0.00411622 0.01136704 0.01137122 0.00000053 0.02288715 0.00514768 0.00619172 0.00514770 0.00515221 0.00411593 0.00617621 0.00514560 0.00617733 0.03600429 0.00617733 0.00721579 0.00205605 0.00205621 0.00102692 0.00102707 0.00205605 0.00205605 0.00102693 0.00102692 0.00000053 0.00102692 0.00102747 0.00205511 0.00205605 0.00102706 0.00000053 0.00000053 0.00308460 0.00205511 0.00205604 0.00000053 0.00205511 0.00102706 0.01344678 0.00308633 0.00514646 0.00308434 0.00308448 0.00411524 0.00411934 0.00619154 0.00617857 0.00514726 0.04902023 0.00308478 0.00102704 0.00102703 0.00825093 0.00618877 0.00515381 0.00515381 0.00827021 0.00824951 0.00618017 0.00618011 0.00825922 0.00514536 0.00722188 
MN715134   0.00721794 0.00928622 0.01869249 0.00722014 0.01032433 0.00721578 0.00000000 0.01867366 0.00308481 0.00825017 0.00825318 0.00721585 0.02182985 0.00411500 0.00515581 0.00411502 0.01033824 0.00929117 0.01136090 0.01032487 0.01136214 0.04143938 0.01136214 0.00618021 0.00929196 0.00929274 0.00825060 0.00825180 0.00929196 0.00929196 0.00825065 0.00825060 0.00721581 0.00825064 0.00825511 0.00928764 0.00929196 0.00825176 0.00721585 0.00721585 0.01032606 0.00928764 0.00929196 0.00721585 0.00928764 0.00825176 0.01240290 0.00825720 0.01032660 0.00825181 0.00825220 0.00928959 0.00929895 0.01138855 0.01136445 0.01032821 0.04791590 0.00825301 0.00618238 0.00618235 0.00721405 0.01138334 0.01034145 0.01034145 0.01348339 0.00721281 0.00514621 0.00514617 0.00722128 0.01032434 0.00618544 
MK628478   0.01136109 0.02182343 0.02288367 0.01973860 0.02287664 0.01972638 0.01867366 0.00000000 0.01553421 0.02287974 0.02288829 0.01972647 0.00514766 0.01657799 0.01765607 0.01657814 0.02290815 0.02183534 0.02392510 0.02287786 0.02392778 0.05459131 0.02392778 0.01867378 0.02183725 0.02183910 0.02077464 0.02077773 0.02183725 0.02183725 0.02077464 0.02077464 0.01972647 0.02077474 0.02078616 0.02182684 0.02183725 0.02077763 0.01972647 0.01972647 0.02288056 0.02182684 0.02183724 0.01972658 0.02182684 0.02077763 0.02498382 0.02079164 0.02077556 0.02077774 0.02077873 0.01972757 0.02185405 0.02398473 0.02182427 0.02288542 0.03057544 0.02078085 0.01868042 0.01868031 0.01972138 0.02397316 0.02291521 0.02291521 0.02611732 0.01971805 0.01762261 0.01762245 0.01974175 0.02287677 0.01868991 
MK543947   0.00411745 0.00618019 0.01554978 0.00411870 0.00721463 0.00411622 0.00308481 0.01553421 0.00000000 0.00721563 0.00721826 0.00411626 0.01867923 0.00102699 0.00205877 0.00102698 0.00722430 0.00618346 0.00824831 0.00721501 0.00824920 0.03818380 0.00824920 0.00308482 0.00618399 0.00618450 0.00514777 0.00514852 0.00618399 0.00618399 0.00514780 0.00514777 0.00411624 0.00514780 0.00515057 0.00618116 0.00618399 0.00514849 0.00411626 0.00411626 0.00721587 0.00618116 0.00618399 0.00411626 0.00618116 0.00514849 0.00928621 0.00515187 0.00721621 0.00514852 0.00514876 0.00618242 0.00618862 0.00826826 0.00825087 0.00721733 0.04464295 0.00514927 0.00308588 0.00308586 0.00411524 0.00826453 0.00722655 0.00722655 0.01035391 0.00411454 0.00205495 0.00205494 0.00411933 0.00721467 0.00308739 
MW306191   0.01137047 0.01136715 0.01972604 0.01137397 0.01240811 0.01136704 0.00825017 0.02287974 0.00721563 0.00000000 0.01033223 0.01136715 0.02394563 0.00825027 0.00930342 0.00825030 0.01242491 0.01137323 0.01344702 0.01240877 0.01344850 0.04363393 0.01344850 0.01032573 0.01345487 0.01345600 0.01240641 0.01240823 0.01345487 0.01345487 0.01240648 0.01240641 0.01136709 0.01240647 0.01241325 0.01344856 0.01345487 0.01240817 0.01136715 0.01136715 0.01449213 0.01344856 0.01345486 0.01136715 0.01344856 0.01240817 0.01657853 0.01241641 0.01241085 0.01033051 0.01033100 0.01345140 0.01346507 0.01556893 0.01345124 0.01449518 0.05230765 0.01241006 0.01032939 0.01032933 0.01136428 0.01556168 0.01451385 0.01451385 0.01555877 0.01136233 0.00928599 0.00928591 0.01137577 0.01448970 0.01033454 
MW306190   0.01137404 0.01137133 0.02080803 0.01137815 0.01241268 0.01137122 0.00825318 0.02288829 0.00721826 0.01033223 0.00000000 0.01137133 0.02395332 0.00825328 0.00930683 0.00825332 0.01242882 0.01137741 0.01345126 0.01241268 0.01345345 0.04364857 0.01345345 0.01032951 0.01345983 0.01346095 0.01241097 0.01241279 0.01345983 0.01345983 0.01241104 0.01241097 0.01137127 0.01241103 0.01241781 0.01345351 0.01345983 0.01241273 0.01137133 0.01137133 0.01449748 0.01345351 0.01345982 0.01137133 0.01345351 0.01241273 0.01658466 0.01242032 0.01241476 0.01033429 0.01033424 0.01345564 0.01346932 0.01557387 0.01345548 0.01449976 0.05232541 0.01241463 0.01033318 0.01033257 0.01136845 0.01556661 0.01451921 0.01451921 0.01768313 0.01136650 0.00928939 0.00928930 0.01137995 0.01449505 0.01033833 
LR899193   0.00825543 0.00205481 0.01974640 0.00205603 0.00514538 0.00000053 0.00721585 0.01972647 0.00411626 0.01136715 0.01137133 0.00000000 0.02288726 0.00514770 0.00619178 0.00514775 0.00515226 0.00411597 0.00617627 0.00514565 0.00617739 0.03600466 0.00617739 0.00721586 0.00205605 0.00205623 0.00102692 0.00102707 0.00205605 0.00205605 0.00102692 0.00102692 0.00000053 0.00102692 0.00102747 0.00205513 0.00205605 0.00102707 0.00000053 0.00000053 0.00308463 0.00205513 0.00205604 0.00000053 0.00205513 0.00102707 0.01344684 0.00308636 0.00514651 0.00308437 0.00308451 0.00411528 0.00411938 0.00619160 0.00617863 0.00514731 0.04902047 0.00308481 0.00102705 0.00102704 0.00825096 0.00618883 0.00515386 0.00515386 0.00827030 0.00824959 0.00618023 0.00618017 0.00825930 0.00514541 0.00722195 
MH681419   0.01448783 0.02078725 0.02394848 0.02290141 0.02184001 0.02288715 0.02182985 0.00514766 0.01867923 0.02394563 0.02395332 0.02288726 0.00000000 0.01972601 0.02081386 0.01972619 0.02186889 0.02079858 0.02288707 0.02184001 0.02289085 0.05352746 0.02289085 0.02182998 0.02500729 0.02500942 0.02393903 0.02394261 0.02500729 0.02500729 0.02393903 0.02393903 0.02288726 0.02393914 0.02395239 0.02499530 0.02500729 0.02394250 0.02288726 0.02288726 0.02605311 0.02499530 0.02500728 0.02288738 0.02499530 0.02394250 0.02816338 0.02395746 0.02183676 0.02184022 0.02184010 0.02288731 0.02502530 0.02716681 0.02288704 0.02605729 0.03380641 0.02394622 0.02183780 0.02183650 0.02288130 0.02715353 0.02609273 0.02609273 0.02931087 0.02287742 0.02077424 0.02077404 0.02290509 0.02604878 0.02184896 
LR722600   0.00514919 0.00721358 0.01659464 0.00515078 0.00824912 0.00514768 0.00411500 0.01657799 0.00102699 0.00825027 0.00825328 0.00514770 0.01972601 0.00000000 0.00308961 0.00205494 0.00826020 0.00721740 0.00928366 0.00824956 0.00928466 0.03926343 0.00928466 0.00411501 0.00721802 0.00721862 0.00618021 0.00618110 0.00721802 0.00721802 0.00618021 0.00618021 0.00514770 0.00618024 0.00618354 0.00721472 0.00721802 0.00618107 0.00514770 0.00514770 0.00825054 0.00721472 0.00721802 0.00514773 0.00721472 0.00618107 0.01032276 0.00618513 0.00825093 0.00618110 0.00618140 0.00721619 0.00722343 0.00930616 0.00928654 0.00825222 0.04572724 0.00618200 0.00411643 0.00411640 0.00514642 0.00930194 0.00826277 0.00826277 0.01139464 0.00514557 0.00308387 0.00308384 0.00515159 0.00824917 0.00411846 
LR722599   0.00619358 0.00826349 0.01767387 0.00619546 0.00930212 0.00619172 0.00515581 0.01765607 0.00205877 0.00930342 0.00930683 0.00619178 0.02081386 0.00308961 0.00000000 0.00308962 0.00931466 0.00826788 0.01033948 0.00930261 0.01034061 0.04042438 0.01034061 0.00515582 0.00826859 0.00826928 0.00722719 0.00722824 0.00826859 0.00826859 0.00722723 0.00722719 0.00619175 0.00722722 0.00723114 0.00826479 0.00826859 0.00722821 0.00619178 0.00619178 0.00930373 0.00826479 0.00826859 0.00619178 0.00826479 0.00722821 0.01138189 0.00723297 0.00930417 0.00722824 0.00722858 0.00826648 0.00827481 0.01036464 0.01034271 0.00930562 0.04690709 0.00722930 0.00515761 0.00515758 0.00619023 0.01035991 0.00931756 0.00931756 0.01246000 0.00618917 0.00412146 0.00412142 0.00619644 0.00930217 0.00516016 
LR536725   0.00514924 0.00721361 0.01659479 0.00515080 0.00824916 0.00514770 0.00411502 0.01657814 0.00102698 0.00825030 0.00825332 0.00514775 0.01972619 0.00205494 0.00308962 0.00000000 0.00826024 0.00721743 0.00928369 0.00824959 0.00928470 0.03926340 0.00928470 0.00411502 0.00721805 0.00721865 0.00618023 0.00618113 0.00721805 0.00721805 0.00618026 0.00618023 0.00514772 0.00618026 0.00618360 0.00721474 0.00721805 0.00618110 0.00514775 0.00514775 0.00825058 0.00721474 0.00721805 0.00514775 0.00721474 0.00618110 0.01032285 0.00618516 0.00825097 0.00618113 0.00618142 0.00721622 0.00722346 0.00930620 0.00928658 0.00825225 0.04572767 0.00618203 0.00411644 0.00411642 0.00514647 0.00930198 0.00826280 0.00826280 0.01139468 0.00514559 0.00308387 0.00308385 0.00515159 0.00824920 0.00411845 
MG939589   0.01138364 0.00308844 0.02082604 0.00515531 0.00412045 0.00515221 0.01033824 0.02290815 0.00722430 0.01242491 0.01242882 0.00515226 0.02186889 0.00826020 0.00931466 0.00826024 0.00000000 0.00309007 0.00515219 0.00412045 0.00515301 0.03498187 0.00515301 0.01033825 0.00722440 0.00722500 0.00618565 0.00618655 0.00722440 0.00722440 0.00618569 0.00618565 0.00515223 0.00618568 0.00618902 0.00722109 0.00722440 0.00618652 0.00515226 0.00515226 0.00825784 0.00722109 0.00722439 0.00515226 0.00722109 0.00618652 0.01659879 0.00619026 0.00618752 0.00412049 0.00412046 0.00722218 0.00722943 0.00931392 0.00722209 0.00825908 0.05237386 0.00618745 0.00412005 0.00411980 0.01137804 0.00930970 0.00827009 0.00827009 0.01140479 0.01137608 0.00929719 0.00929711 0.01138956 0.00825646 0.01034705 
MG939588   0.01033455 0.00205605 0.01975725 0.00411840 0.00308596 0.00411593 0.00929117 0.02183534 0.00618346 0.01137323 0.01137741 0.00411597 0.02079858 0.00721740 0.00826788 0.00721743 0.00309007 0.00000000 0.00411613 0.00308612 0.00411657 0.03387317 0.00411657 0.00929118 0.00618354 0.00618406 0.00514740 0.00514815 0.00618354 0.00618354 0.00514743 0.00514740 0.00411595 0.00514743 0.00515020 0.00618072 0.00618354 0.00514812 0.00411597 0.00411597 0.00721535 0.00618072 0.00618354 0.00411597 0.00618072 0.00514812 0.01553854 0.00515150 0.00514923 0.00308599 0.00308613 0.00618198 0.00618817 0.00826766 0.00618190 0.00721681 0.05123054 0.00514890 0.00308566 0.00308564 0.01032893 0.00826393 0.00722603 0.00722603 0.01035316 0.01032715 0.00825242 0.00825234 0.01033936 0.00721415 0.00929905 
MG939587   0.01240629 0.00411366 0.02184527 0.00617994 0.00514559 0.00617621 0.01136090 0.02392510 0.00824831 0.01344702 0.01345126 0.00617627 0.02288707 0.00928366 0.01033948 0.00928369 0.00515219 0.00411613 0.00000000 0.00514559 0.00617763 0.03600416 0.00617763 0.01136091 0.00824781 0.00824850 0.00720907 0.00721011 0.00824781 0.00824781 0.00720910 0.00720907 0.00617624 0.00720910 0.00721299 0.00824403 0.00824781 0.00721008 0.00617627 0.00617627 0.00928032 0.00824403 0.00824781 0.00617627 0.00824403 0.00721008 0.01761861 0.00721496 0.00721177 0.00514564 0.00514561 0.00824588 0.00825417 0.01033868 0.00824578 0.00928239 0.05338395 0.00721169 0.00514508 0.00514478 0.01240019 0.01033397 0.00929476 0.00929476 0.01242933 0.01239805 0.01032010 0.01032000 0.01241275 0.00927945 0.01137058 
MG939586   0.01136889 0.00308450 0.02079857 0.00514870 0.00205566 0.00514560 0.01032487 0.02287786 0.00721501 0.01240877 0.01241268 0.00514565 0.02184001 0.00824956 0.00930261 0.00824959 0.00412045 0.00308612 0.00514559 0.00000000 0.00308495 0.03278520 0.00308495 0.01032488 0.00721510 0.00721570 0.00617771 0.00617861 0.00721510 0.00721510 0.00617775 0.00617771 0.00514563 0.00617774 0.00618107 0.00721180 0.00721510 0.00617858 0.00514565 0.00514565 0.00824720 0.00721180 0.00721510 0.00514565 0.00721180 0.00617858 0.01657709 0.00618231 0.00617958 0.00411521 0.00411519 0.00721289 0.00722012 0.00930188 0.00721280 0.00824844 0.05230030 0.00617951 0.00411477 0.00411453 0.01136330 0.00929766 0.00825942 0.00825942 0.01138998 0.01136134 0.00928519 0.00928511 0.01137479 0.00617859 0.01033365 
MG939585   0.01240830 0.00411440 0.02184887 0.00618105 0.00308479 0.00617733 0.01136214 0.02392778 0.00824920 0.01344850 0.01345345 0.00617739 0.02289085 0.00928466 0.01034061 0.00928470 0.00515301 0.00411657 0.00617763 0.00308495 0.00000000 0.02955982 0.00000053 0.01136215 0.00824931 0.00824999 0.00721037 0.00514459 0.00824931 0.00824931 0.00721040 0.00721037 0.00617735 0.00721040 0.00721430 0.00824552 0.00824931 0.00721138 0.00617739 0.00617739 0.00928200 0.00824552 0.00824930 0.00617739 0.00824552 0.00721138 0.01762056 0.00721612 0.00721293 0.00514619 0.00514643 0.00824721 0.00825550 0.01034035 0.00824711 0.00928389 0.05339330 0.00721247 0.00514564 0.00514561 0.01240154 0.01033565 0.00929577 0.00929577 0.01243069 0.01239940 0.01032122 0.01032113 0.01241410 0.00514617 0.01137182 
MG939584   0.04254755 0.03385388 0.05245422 0.03383160 0.03278520 0.03600429 0.04143938 0.05459131 0.03818380 0.04363393 0.04364857 0.03600466 0.05352746 0.03926343 0.04042438 0.03926340 0.03498187 0.03387317 0.03600416 0.03278520 0.02955982 0.00000000 0.02955982 0.04143965 0.03818449 0.03818784 0.03708170 0.03492293 0.03818449 0.03818449 0.03708190 0.03708170 0.03600446 0.03708187 0.03710333 0.03816550 0.03818449 0.03708725 0.03600466 0.03600466 0.03925106 0.03816550 0.03818448 0.03490618 0.03816550 0.03708725 0.04574771 0.03711127 0.03599300 0.03383755 0.03383736 0.03706947 0.03600815 0.04042217 0.03817138 0.03815322 0.08579889 0.03709321 0.03493042 0.03492831 0.04252502 0.04040112 0.03931238 0.03931238 0.04040665 0.04251725 0.04034443 0.04034405 0.04257116 0.03493431 0.04147750 
MG939583   0.01240830 0.00411440 0.02184887 0.00618105 0.00308479 0.00617733 0.01136214 0.02392778 0.00824920 0.01344850 0.01345345 0.00617739 0.02289085 0.00928466 0.01034061 0.00928470 0.00515301 0.00411657 0.00617763 0.00308495 0.00000053 0.02955982 0.00000000 0.01136215 0.00824931 0.00824999 0.00721037 0.00514459 0.00824931 0.00824931 0.00721040 0.00721037 0.00617735 0.00721040 0.00721430 0.00824552 0.00824931 0.00721138 0.00617739 0.00617739 0.00928200 0.00824552 0.00824930 0.00617739 0.00824552 0.00721138 0.01762056 0.00721612 0.00721293 0.00514619 0.00514643 0.00824721 0.00825550 0.01034035 0.00824711 0.00928389 0.05339330 0.00721247 0.00514564 0.00514561 0.01240154 0.01033565 0.00929577 0.00929577 0.01243069 0.01239940 0.01032122 0.01032113 0.01241410 0.00514617 0.01137182 
OP605386   0.00721795 0.00928623 0.01869260 0.00722015 0.01032434 0.00721579 0.00618021 0.01867378 0.00308482 0.01032573 0.01032951 0.00721586 0.02182998 0.00411501 0.00515582 0.00411502 0.01033825 0.00929118 0.01136091 0.01032488 0.01136215 0.04143965 0.01136215 0.00000000 0.00929197 0.00929274 0.00825061 0.00825181 0.00929197 0.00929197 0.00825065 0.00825061 0.00721582 0.00825065 0.00825508 0.00928770 0.00929197 0.00825177 0.00721586 0.00721586 0.01032612 0.00928770 0.00929197 0.00721586 0.00928770 0.00825177 0.01240291 0.00825721 0.01032661 0.00825181 0.00825220 0.00928960 0.00929896 0.01138856 0.01136446 0.01032822 0.04791621 0.00825302 0.00618239 0.00618235 0.00721405 0.01138335 0.01034146 0.01034146 0.01348341 0.00721282 0.00514622 0.00514614 0.00722129 0.01032435 0.00618545 
OX376273   0.01033543 0.00411600 0.02185940 0.00411845 0.00721472 0.00205605 0.00929196 0.02183725 0.00618399 0.01345487 0.01345983 0.00205605 0.02500729 0.00721802 0.00826859 0.00721805 0.00722440 0.00618354 0.00824781 0.00721510 0.00824931 0.03818449 0.00824931 0.00929197 0.00000000 0.00411886 0.00102753 0.00308598 0.00000053 0.00000053 0.00102754 0.00102753 0.00205603 0.00102754 0.00308721 0.00411664 0.00000053 0.00308600 0.00205605 0.00205605 0.00514902 0.00411664 0.00205728 0.00205605 0.00411664 0.00308600 0.01553989 0.00515194 0.00721630 0.00514859 0.00514883 0.00618250 0.00618870 0.00826837 0.00825098 0.00721742 0.05123530 0.00514934 0.00308592 0.00308590 0.01032982 0.00826464 0.00722664 0.00722664 0.01035405 0.01032804 0.00825312 0.00825304 0.01034025 0.00721476 0.00929985 
OX376272   0.01033629 0.00411634 0.02186126 0.00411879 0.00721532 0.00205621 0.00929274 0.02183910 0.00618450 0.01345600 0.01346095 0.00205623 0.02500942 0.00721862 0.00826928 0.00721865 0.00722500 0.00618406 0.00824850 0.00721570 0.00824999 0.03818784 0.00824999 0.00929274 0.00411886 0.00000000 0.00308582 0.00308627 0.00411886 0.00411886 0.00308584 0.00308582 0.00205622 0.00308584 0.00308749 0.00205592 0.00411886 0.00102747 0.00205623 0.00205623 0.00308581 0.00205592 0.00411886 0.00205623 0.00205592 0.00102747 0.01554119 0.00515236 0.00721690 0.00514901 0.00514926 0.00618301 0.00618921 0.00826906 0.00825166 0.00721802 0.05123987 0.00514976 0.00308618 0.00308616 0.01033068 0.00826533 0.00722724 0.00722724 0.01035491 0.01032890 0.00825381 0.00825373 0.01034111 0.00721536 0.00930063 
OX376271   0.00929182 0.00308368 0.02079567 0.00308552 0.00617739 0.00102692 0.00825060 0.02077464 0.00514777 0.01240641 0.01241097 0.00102692 0.02393903 0.00618021 0.00722719 0.00618023 0.00618565 0.00514740 0.00720907 0.00617771 0.00721037 0.03708170 0.00721037 0.00825061 0.00102753 0.00308582 0.00000000 0.00205511 0.00102753 0.00102753 0.00000053 0.00000053 0.00102691 0.00000053 0.00205593 0.00308417 0.00102753 0.00205512 0.00102692 0.00102692 0.00411479 0.00308417 0.00102753 0.00102692 0.00308417 0.00205512 0.01448814 0.00411711 0.00617874 0.00411444 0.00411464 0.00514654 0.00515168 0.00722699 0.00721182 0.00617970 0.05011052 0.00411504 0.00205507 0.00205506 0.00928679 0.00722374 0.00618758 0.00618758 0.00930853 0.00928519 0.00721369 0.00721363 0.00929614 0.00617742 0.00825759 
OX376268   0.00929318 0.00308413 0.02079876 0.00308596 0.00617828 0.00102707 0.00825180 0.02077773 0.00514852 0.01240823 0.01241279 0.00102707 0.02394261 0.00618110 0.00722824 0.00618113 0.00618655 0.00514815 0.00721011 0.00617861 0.00514459 0.03492293 0.00514459 0.00825181 0.00308598 0.00308627 0.00205511 0.00000000 0.00308598 0.00308598 0.00205512 0.00205511 0.00102706 0.00205512 0.00205622 0.00308461 0.00308598 0.00205542 0.00102707 0.00102707 0.00411538 0.00308461 0.00308598 0.00102707 0.00308461 0.00205542 0.01449027 0.00411770 0.00617963 0.00411504 0.00411523 0.00514728 0.00515243 0.00722804 0.00721287 0.00618059 0.05011844 0.00411563 0.00205537 0.00205536 0.00928814 0.00722479 0.00618847 0.00618847 0.00930989 0.00928655 0.00721474 0.00721467 0.00929750 0.00617832 0.00825879 
OX376267   0.01033543 0.00411600 0.02185940 0.00411845 0.00721472 0.00205605 0.00929196 0.02183725 0.00618399 0.01345487 0.01345983 0.00205605 0.02500729 0.00721802 0.00826859 0.00721805 0.00722440 0.00618354 0.00824781 0.00721510 0.00824931 0.03818449 0.00824931 0.00929197 0.00000053 0.00411886 0.00102753 0.00308598 0.00000000 0.00000053 0.00102754 0.00102753 0.00205603 0.00102754 0.00308721 0.00411664 0.00000053 0.00308600 0.00205605 0.00205605 0.00514902 0.00411664 0.00205728 0.00205605 0.00411664 0.00308600 0.01553989 0.00515194 0.00721630 0.00514859 0.00514883 0.00618250 0.00618870 0.00826837 0.00825098 0.00721742 0.05123530 0.00514934 0.00308592 0.00308590 0.01032982 0.00826464 0.00722664 0.00722664 0.01035405 0.01032804 0.00825312 0.00825304 0.01034025 0.00721476 0.00929985 
OX376266   0.01033543 0.00411600 0.02185940 0.00411845 0.00721472 0.00205605 0.00929196 0.02183725 0.00618399 0.01345487 0.01345983 0.00205605 0.02500729 0.00721802 0.00826859 0.00721805 0.00722440 0.00618354 0.00824781 0.00721510 0.00824931 0.03818449 0.00824931 0.00929197 0.00000053 0.00411886 0.00102753 0.00308598 0.00000053 0.00000000 0.00102754 0.00102753 0.00205603 0.00102754 0.00308721 0.00411664 0.00000053 0.00308600 0.00205605 0.00205605 0.00514902 0.00411664 0.00205728 0.00205605 0.00411664 0.00308600 0.01553989 0.00515194 0.00721630 0.00514859 0.00514883 0.00618250 0.00618870 0.00826837 0.00825098 0.00721742 0.05123530 0.00514934 0.00308592 0.00308590 0.01032982 0.00826464 0.00722664 0.00722664 0.01035405 0.01032804 0.00825312 0.00825304 0.01034025 0.00721476 0.00929985 
OX376265   0.00929182 0.00308370 0.02079567 0.00308553 0.00617742 0.00102693 0.00825065 0.02077464 0.00514780 0.01240648 0.01241104 0.00102692 0.02393903 0.00618021 0.00722723 0.00618026 0.00618569 0.00514743 0.00720910 0.00617775 0.00721040 0.03708190 0.00721040 0.00825065 0.00102754 0.00308584 0.00000053 0.00205512 0.00102754 0.00102754 0.00000000 0.00000053 0.00102692 0.00000053 0.00205593 0.00308418 0.00102754 0.00205513 0.00102692 0.00102692 0.00411481 0.00308418 0.00102754 0.00102693 0.00308418 0.00205513 0.01448814 0.00411713 0.00617877 0.00411446 0.00411466 0.00514657 0.00515171 0.00722703 0.00721186 0.00617973 0.05011052 0.00411506 0.00205508 0.00205507 0.00928679 0.00722378 0.00618761 0.00618761 0.00930858 0.00928524 0.00721373 0.00721366 0.00929619 0.00617745 0.00825763 
OX376264   0.00929182 0.00308368 0.02079567 0.00308552 0.00617739 0.00102692 0.00825060 0.02077464 0.00514777 0.01240641 0.01241097 0.00102692 0.02393903 0.00618021 0.00722719 0.00618023 0.00618565 0.00514740 0.00720907 0.00617771 0.00721037 0.03708170 0.00721037 0.00825061 0.00102753 0.00308582 0.00000053 0.00205511 0.00102753 0.00102753 0.00000053 0.00000000 0.00102691 0.00000053 0.00205593 0.00308417 0.00102753 0.00205512 0.00102692 0.00102692 0.00411479 0.00308417 0.00102753 0.00102692 0.00308417 0.00205512 0.01448814 0.00411711 0.00617874 0.00411444 0.00411464 0.00514654 0.00515168 0.00722699 0.00721182 0.00617970 0.05011052 0.00411504 0.00205507 0.00205506 0.00928679 0.00722374 0.00618758 0.00618758 0.00930853 0.00928519 0.00721369 0.00721363 0.00929614 0.00617742 0.00825759 
OX376263   0.00825543 0.00205480 0.01974640 0.00205602 0.00514536 0.00000053 0.00721581 0.01972647 0.00411624 0.01136709 0.01137127 0.00000053 0.02288726 0.00514770 0.00619175 0.00514772 0.00515223 0.00411595 0.00617624 0.00514563 0.00617735 0.03600446 0.00617735 0.00721582 0.00205603 0.00205622 0.00102691 0.00102706 0.00205603 0.00205603 0.00102692 0.00102691 0.00000000 0.00102692 0.00102746 0.00205512 0.00205603 0.00102707 0.00000053 0.00000053 0.00308461 0.00205512 0.00205603 0.00000053 0.00205512 0.00102707 0.01344684 0.00308635 0.00514648 0.00308435 0.00308450 0.00411526 0.00411936 0.00619157 0.00617860 0.00514728 0.04902047 0.00308480 0.00102704 0.00102704 0.00825096 0.00618880 0.00515383 0.00515383 0.00827025 0.00824955 0.00618020 0.00618014 0.00825926 0.00514539 0.00722191 
OX376262   0.00929187 0.00308370 0.02079577 0.00308553 0.00617742 0.00102692 0.00825064 0.02077474 0.00514780 0.01240647 0.01241103 0.00102692 0.02393914 0.00618024 0.00722722 0.00618026 0.00618568 0.00514743 0.00720910 0.00617774 0.00721040 0.03708187 0.00721040 0.00825065 0.00102754 0.00308584 0.00000053 0.00205512 0.00102754 0.00102754 0.00000053 0.00000053 0.00102692 0.00000000 0.00205594 0.00308418 0.00102754 0.00205513 0.00102692 0.00102692 0.00411481 0.00308418 0.00102754 0.00102692 0.00308418 0.00205513 0.01448821 0.00411713 0.00617877 0.00411446 0.00411465 0.00514656 0.00515171 0.00722702 0.00721186 0.00617973 0.05011076 0.00411506 0.00205508 0.00205507 0.00928683 0.00722378 0.00618761 0.00618761 0.00930857 0.00928524 0.00721373 0.00721366 0.00929618 0.00617745 0.00825763 
OX376261   0.00929687 0.00308535 0.02080721 0.00308719 0.00618075 0.00102747 0.00825511 0.02078616 0.00515057 0.01241325 0.01241781 0.00102747 0.02395239 0.00618354 0.00723114 0.00618360 0.00618902 0.00515020 0.00721299 0.00618107 0.00721430 0.03710333 0.00721430 0.00825508 0.00308721 0.00308749 0.00205593 0.00205622 0.00308721 0.00308721 0.00205593 0.00205593 0.00102746 0.00205594 0.00000000 0.00308583 0.00308721 0.00205623 0.00102746 0.00102747 0.00411702 0.00308583 0.00308721 0.00102746 0.00308583 0.00205623 0.01449608 0.00411934 0.00618210 0.00411667 0.00411687 0.00514934 0.00515449 0.00723094 0.00721575 0.00618306 0.05014017 0.00411727 0.00205618 0.00205617 0.00929182 0.00722769 0.00619095 0.00619095 0.00931364 0.00929028 0.00721763 0.00721752 0.00930124 0.00618078 0.00826211 
OX376260   0.01033067 0.00411413 0.02184898 0.00411658 0.00721142 0.00205511 0.00928764 0.02182684 0.00618116 0.01344856 0.01345351 0.00205513 0.02499530 0.00721472 0.00826479 0.00721474 0.00722109 0.00618072 0.00824403 0.00721180 0.00824552 0.03816550 0.00824552 0.00928770 0.00411664 0.00205592 0.00308417 0.00308461 0.00411664 0.00411664 0.00308418 0.00308417 0.00205512 0.00308418 0.00308583 0.00000000 0.00411664 0.00102692 0.00205513 0.00205513 0.00102708 0.00000053 0.00411664 0.00205513 0.00000053 0.00102692 0.01553266 0.00514959 0.00721300 0.00514624 0.00514648 0.00617968 0.00618587 0.00826457 0.00824719 0.00721412 0.05120920 0.00514699 0.00308452 0.00308450 0.01032506 0.00826084 0.00722333 0.00722333 0.01034927 0.01032328 0.00824934 0.00824926 0.01033548 0.00721146 0.00929557 
OX376259   0.01033543 0.00411600 0.02185940 0.00411845 0.00721472 0.00205605 0.00929196 0.02183725 0.00618399 0.01345487 0.01345983 0.00205605 0.02500729 0.00721802 0.00826859 0.00721805 0.00722440 0.00618354 0.00824781 0.00721510 0.00824931 0.03818449 0.00824931 0.00929197 0.00000053 0.00411886 0.00102753 0.00308598 0.00000053 0.00000053 0.00102754 0.00102753 0.00205603 0.00102754 0.00308721 0.00411664 0.00000000 0.00308600 0.00205605 0.00205605 0.00514902 0.00411664 0.00205728 0.00205605 0.00411664 0.00308600 0.01553989 0.00515194 0.00721630 0.00514859 0.00514883 0.00618250 0.00618870 0.00826837 0.00825098 0.00721742 0.05123530 0.00514934 0.00308592 0.00308590 0.01032982 0.00826464 0.00722664 0.00722664 0.01035405 0.01032804 0.00825312 0.00825304 0.01034025 0.00721476 0.00929985 
OX376258   0.00929313 0.00308411 0.02079867 0.00308595 0.00617825 0.00102706 0.00825176 0.02077763 0.00514849 0.01240817 0.01241273 0.00102707 0.02394250 0.00618107 0.00722821 0.00618110 0.00618652 0.00514812 0.00721008 0.00617858 0.00721138 0.03708725 0.00721138 0.00825177 0.00308600 0.00102747 0.00205512 0.00205542 0.00308600 0.00308600 0.00205513 0.00205512 0.00102707 0.00205513 0.00205623 0.00102692 0.00308600 0.00000000 0.00102707 0.00102707 0.00205512 0.00102692 0.00308600 0.00102707 0.00102692 0.00000053 0.01449020 0.00411769 0.00617960 0.00411502 0.00411521 0.00514726 0.00515241 0.00722801 0.00721283 0.00618056 0.05011820 0.00411561 0.00205536 0.00205535 0.00928810 0.00722476 0.00618845 0.00618845 0.00930984 0.00928650 0.00721470 0.00721464 0.00929745 0.00617829 0.00825875 
OX376257   0.00825543 0.00205481 0.01974640 0.00205603 0.00514538 0.00000053 0.00721585 0.01972647 0.00411626 0.01136715 0.01137133 0.00000053 0.02288726 0.00514770 0.00619178 0.00514775 0.00515226 0.00411597 0.00617627 0.00514565 0.00617739 0.03600466 0.00617739 0.00721586 0.00205605 0.00205623 0.00102692 0.00102707 0.00205605 0.00205605 0.00102692 0.00102692 0.00000053 0.00102692 0.00102746 0.00205513 0.00205605 0.00102707 0.00000000 0.00000053 0.00308463 0.00205513 0.00205604 0.00000053 0.00205513 0.00102707 0.01344684 0.00308636 0.00514651 0.00308437 0.00308451 0.00411528 0.00411938 0.00619160 0.00617863 0.00514731 0.04902047 0.00308481 0.00102705 0.00102704 0.00825096 0.00618883 0.00515386 0.00515386 0.00827030 0.00824959 0.00618023 0.00618017 0.00825930 0.00514541 0.00722195 
OX376256   0.00825543 0.00205481 0.01974640 0.00205603 0.00514538 0.00000053 0.00721585 0.01972647 0.00411626 0.01136715 0.01137133 0.00000053 0.02288726 0.00514770 0.00619178 0.00514775 0.00515226 0.00411597 0.00617627 0.00514565 0.00617739 0.03600466 0.00617739 0.00721586 0.00205605 0.00205623 0.00102692 0.00102707 0.00205605 0.00205605 0.00102692 0.00102692 0.00000053 0.00102692 0.00102747 0.00205513 0.00205605 0.00102707 0.00000053 0.00000000 0.00308463 0.00205513 0.00205604 0.00000053 0.00205513 0.00102707 0.01344684 0.00308636 0.00514651 0.00308437 0.00308451 0.00411528 0.00411938 0.00619160 0.00617863 0.00514731 0.04902047 0.00308481 0.00102705 0.00102704 0.00825096 0.00618883 0.00515386 0.00515386 0.00827030 0.00824959 0.00618023 0.00618017 0.00825930 0.00514541 0.00722195 
OX376255   0.01137086 0.00514587 0.02290380 0.00514894 0.00824677 0.00308460 0.01032606 0.02288056 0.00721587 0.01449213 0.01449748 0.00308463 0.02605311 0.00825054 0.00930373 0.00825058 0.00825784 0.00721535 0.00928032 0.00824720 0.00928200 0.03925106 0.00928200 0.01032612 0.00514902 0.00308581 0.00411479 0.00411538 0.00514902 0.00514902 0.00411481 0.00411479 0.00308461 0.00411481 0.00411702 0.00102708 0.00514902 0.00205512 0.00308463 0.00308463 0.00000000 0.00102708 0.00514902 0.00308463 0.00102708 0.00205512 0.01657910 0.00618337 0.00824857 0.00617935 0.00617964 0.00721413 0.00722137 0.00930349 0.00928388 0.00824986 0.05230977 0.00618024 0.00411526 0.00411524 0.01136467 0.00929927 0.00826041 0.00826041 0.01139135 0.01136271 0.00928630 0.00928622 0.01137616 0.00824681 0.01033489 
OX376254   0.01033067 0.00411413 0.02184898 0.00411658 0.00721142 0.00205511 0.00928764 0.02182684 0.00618116 0.01344856 0.01345351 0.00205513 0.02499530 0.00721472 0.00826479 0.00721474 0.00722109 0.00618072 0.00824403 0.00721180 0.00824552 0.03816550 0.00824552 0.00928770 0.00411664 0.00205592 0.00308417 0.00308461 0.00411664 0.00411664 0.00308418 0.00308417 0.00205512 0.00308418 0.00308583 0.00000053 0.00411664 0.00102692 0.00205513 0.00205513 0.00102708 0.00000000 0.00411664 0.00205513 0.00000053 0.00102692 0.01553266 0.00514959 0.00721300 0.00514624 0.00514648 0.00617968 0.00618587 0.00826457 0.00824719 0.00721412 0.05120920 0.00514699 0.00308452 0.00308450 0.01032506 0.00826084 0.00722333 0.00722333 0.01034927 0.01032328 0.00824934 0.00824926 0.01033548 0.00721146 0.00929557 
OX376253   0.01033543 0.00411600 0.02185940 0.00411845 0.00721472 0.00205604 0.00929196 0.02183724 0.00618399 0.01345486 0.01345982 0.00205604 0.02500728 0.00721802 0.00826859 0.00721805 0.00722439 0.00618354 0.00824781 0.00721510 0.00824930 0.03818448 0.00824930 0.00929197 0.00205728 0.00411886 0.00102753 0.00308598 0.00205728 0.00205728 0.00102754 0.00102753 0.00205603 0.00102754 0.00308721 0.00411664 0.00205728 0.00308600 0.00205604 0.00205604 0.00514902 0.00411664 0.00000000 0.00205604 0.00411664 0.00308600 0.01553988 0.00515193 0.00721630 0.00514859 0.00514883 0.00618250 0.00618870 0.00826837 0.00825097 0.00721742 0.05123528 0.00514933 0.00308592 0.00308590 0.01032981 0.00826464 0.00722664 0.00722664 0.01035404 0.01032804 0.00825312 0.00825304 0.01034024 0.00721476 0.00929985 
OX376252   0.00825547 0.00205481 0.01974651 0.00102691 0.00514538 0.00000053 0.00721585 0.01972658 0.00411626 0.01136715 0.01137133 0.00000053 0.02288738 0.00514773 0.00619178 0.00514775 0.00515226 0.00411597 0.00617627 0.00514565 0.00617739 0.03490618 0.00617739 0.00721586 0.00205605 0.00205623 0.00102692 0.00102707 0.00205605 0.00205605 0.00102693 0.00102692 0.00000053 0.00102692 0.00102746 0.00205513 0.00205605 0.00102707 0.00000053 0.00000053 0.00308463 0.00205513 0.00205604 0.00000000 0.00205513 0.00102707 0.01239909 0.00308636 0.00514648 0.00308435 0.00308450 0.00411526 0.00411938 0.00619160 0.00617863 0.00514728 0.04902073 0.00308481 0.00102705 0.00102704 0.00825101 0.00618883 0.00515386 0.00515386 0.00722868 0.00824959 0.00618023 0.00618017 0.00825930 0.00514541 0.00722195 
OX376251   0.01033067 0.00411413 0.02184898 0.00411658 0.00721142 0.00205511 0.00928764 0.02182684 0.00618116 0.01344856 0.01345351 0.00205513 0.02499530 0.00721472 0.00826479 0.00721474 0.00722109 0.00618072 0.00824403 0.00721180 0.00824552 0.03816550 0.00824552 0.00928770 0.00411664 0.00205592 0.00308417 0.00308461 0.00411664 0.00411664 0.00308418 0.00308417 0.00205512 0.00308418 0.00308583 0.00000053 0.00411664 0.00102692 0.00205513 0.00205513 0.00102708 0.00000053 0.00411664 0.00205513 0.00000000 0.00102692 0.01553266 0.00514959 0.00721300 0.00514624 0.00514648 0.00617968 0.00618587 0.00826457 0.00824719 0.00721412 0.05120920 0.00514699 0.00308452 0.00308450 0.01032506 0.00826084 0.00722333 0.00722333 0.01034927 0.01032328 0.00824934 0.00824926 0.01033548 0.00721146 0.00929557 
OX376250   0.00929313 0.00308411 0.02079867 0.00308595 0.00617825 0.00102706 0.00825176 0.02077763 0.00514849 0.01240817 0.01241273 0.00102707 0.02394250 0.00618107 0.00722821 0.00618110 0.00618652 0.00514812 0.00721008 0.00617858 0.00721138 0.03708725 0.00721138 0.00825177 0.00308600 0.00102747 0.00205512 0.00205542 0.00308600 0.00308600 0.00205513 0.00205512 0.00102707 0.00205513 0.00205623 0.00102692 0.00308600 0.00000053 0.00102707 0.00102707 0.00205512 0.00102692 0.00308600 0.00102707 0.00102692 0.00000000 0.01449020 0.00411769 0.00617960 0.00411502 0.00411521 0.00514726 0.00515241 0.00722801 0.00721283 0.00618056 0.05011820 0.00411561 0.00205536 0.00205535 0.00928810 0.00722476 0.00618845 0.00618845 0.00930984 0.00928650 0.00721470 0.00721464 0.00929745 0.00617829 0.00825875 
ON108571   0.01345077 0.01553017 0.02500929 0.01136035 0.01657621 0.01344678 0.01240290 0.02498382 0.00928621 0.01657853 0.01658466 0.01344684 0.02816338 0.01032276 0.01138189 0.01032285 0.01659879 0.01553854 0.01761861 0.01657709 0.01762056 0.04574771 0.01762056 0.01240291 0.01553989 0.01554119 0.01448814 0.01449027 0.01553989 0.01553989 0.01448814 0.01448814 0.01344684 0.01448821 0.01449608 0.01553266 0.01553989 0.01449020 0.01344684 0.01344684 0.01657910 0.01553266 0.01553988 0.01239909 0.01553266 0.01449020 0.00000000 0.01449986 0.01552624 0.01344068 0.01344131 0.01448440 0.01555170 0.01766200 0.01762417 0.01552869 0.05449636 0.01449242 0.01240727 0.01240719 0.01344342 0.01765370 0.01660393 0.01660393 0.01765510 0.01344117 0.01136052 0.01136041 0.01345714 0.01657630 0.01241348 
OM799941   0.00929878 0.00514878 0.02081159 0.00308819 0.00618231 0.00308633 0.00825720 0.02079164 0.00515187 0.01241641 0.01242032 0.00308636 0.02395746 0.00618513 0.00723297 0.00618516 0.00619026 0.00515150 0.00721496 0.00618231 0.00721612 0.03711127 0.00721612 0.00825721 0.00515194 0.00515236 0.00411711 0.00411770 0.00515194 0.00515194 0.00411713 0.00411711 0.00308635 0.00411713 0.00411934 0.00514959 0.00515194 0.00411769 0.00308636 0.00308636 0.00618337 0.00514959 0.00515193 0.00308636 0.00514959 0.00411769 0.01449986 0.00000000 0.00411707 0.00205628 0.00205627 0.00308636 0.00308943 0.00515950 0.00514870 0.00411771 0.05015142 0.00205658 0.00205670 0.00205658 0.00929423 0.00515720 0.00412317 0.00412317 0.00723667 0.00929263 0.00721945 0.00721938 0.00930360 0.00618234 0.00826420 
OM966721   0.01137079 0.00514651 0.02080211 0.00411521 0.00617958 0.00514646 0.01032660 0.02077556 0.00721621 0.01241085 0.01241476 0.00514651 0.02183676 0.00825093 0.00930417 0.00825097 0.00618752 0.00514923 0.00721177 0.00617958 0.00721293 0.03599300 0.00721293 0.01032661 0.00721630 0.00721690 0.00617874 0.00617963 0.00721630 0.00721630 0.00617877 0.00617874 0.00514648 0.00617877 0.00618210 0.00721300 0.00721630 0.00617960 0.00514651 0.00514651 0.00824857 0.00721300 0.00721630 0.00514648 0.00721300 0.00617960 0.01552624 0.00411707 0.00000000 0.00205536 0.00205536 0.00102704 0.00515164 0.00722693 0.00102704 0.00617958 0.05011005 0.00411522 0.00411546 0.00411521 0.01136520 0.00722368 0.00618785 0.00618785 0.00826565 0.01136325 0.00928674 0.00928665 0.01137670 0.00824720 0.01033538 
OM966720   0.00929318 0.00308437 0.01870133 0.00205525 0.00411500 0.00308434 0.00825181 0.02077774 0.00514852 0.01033051 0.01033429 0.00308437 0.02184022 0.00618110 0.00722824 0.00618113 0.00412049 0.00308599 0.00514564 0.00411521 0.00514619 0.03383755 0.00514619 0.00825181 0.00514859 0.00514901 0.00411444 0.00411504 0.00514859 0.00514859 0.00411446 0.00411444 0.00308435 0.00411446 0.00411667 0.00514624 0.00514859 0.00411502 0.00308437 0.00308437 0.00617935 0.00514624 0.00514859 0.00308435 0.00514624 0.00411502 0.01344068 0.00205628 0.00205536 0.00000000 0.00000053 0.00308449 0.00308759 0.00515641 0.00308448 0.00411521 0.05011846 0.00205525 0.00205537 0.00205536 0.00928814 0.00515411 0.00412049 0.00412049 0.00619210 0.00928655 0.00721474 0.00721468 0.00929750 0.00617832 0.00825879 
