99
LTU_2018_00696S3    0.00000000 0.01165349 0.00434671 0.00337870 0.00337853 0.00096369 0.00580522 0.00531967 0.00531967 0.00629262 0.02863670 0.03182532 0.02918722 0.01801925 0.01295612 0.01643843 0.01294462 0.01140506 0.00444261 0.00241130 0.00241128 0.00386275 0.00531360 0.00580052 0.00579822 0.00337780 0.00386275 0.00531360 0.00579819 0.00531360 0.00579818 0.00531363 0.00531360 0.00580323 0.00434556 0.00386755 0.00241132 0.00531557 0.00386306 0.00483037 0.00921201 0.00386358 0.00531510 0.00386222 0.00337779 0.00920489 0.00192838 0.01410245 0.00531484 0.00531584 0.00386225 0.01067151 0.00241110 0.00289729 0.00241111 0.00531904 0.00483219 0.00579973 0.00531537 0.00579985 0.00579985 0.00337780 0.00483214 0.00483258 0.00434621 0.00434646 0.00483214 0.00483214 0.00434623 0.00434621 0.00386223 0.00434623 0.00434791 0.00483071 0.00483214 0.00434644 0.00386225 0.00386225 0.00531555 0.00483071 0.00483214 0.00386225 0.00483071 0.00434644 0.00628530 0.00434821 0.00531579 0.00434646 0.00434666 0.00483127 0.00483459 0.00580912 0.00580051 0.00531615 0.00289411 0.00289409 0.00386348 0.00531513 0.00337988 
LTU_2019_0332G2S1   0.01165349 0.00000000 0.01214700 0.01116835 0.01116777 0.01165441 0.01362730 0.01313622 0.01313622 0.01412223 0.03282468 0.03603896 0.03338270 0.02208755 0.01699178 0.02048268 0.01697679 0.01541636 0.00841576 0.01018837 0.01018830 0.01165810 0.01312096 0.01361609 0.01361059 0.01116531 0.01165810 0.01312096 0.01361053 0.01312096 0.01361050 0.01312102 0.01312096 0.01362255 0.01214358 0.01167259 0.01018846 0.01312596 0.00774791 0.01263464 0.01312771 0.01166068 0.01312479 0.01165647 0.01116524 0.00338012 0.00969992 0.01411242 0.01312408 0.01312658 0.01165652 0.00483472 0.01018753 0.01068748 0.01018762 0.01313470 0.01263949 0.01361427 0.01312547 0.01361457 0.01361457 0.01116531 0.01263936 0.01264053 0.01214555 0.01214627 0.01263936 0.01263936 0.01214555 0.01214555 0.01165652 0.01214561 0.01215032 0.01263549 0.01263936 0.01214622 0.01165652 0.01165652 0.01312586 0.01263549 0.01263935 0.01165658 0.01263549 0.01214622 0.01410553 0.01215125 0.01214608 0.01214627 0.01214683 0.01165716 0.01264586 0.01363668 0.01263511 0.01312743 0.01067563 0.01067553 0.01166035 0.01312488 0.01117230 
LTU_2019_00598P1G1  0.00434671 0.01214700 0.00000000 0.00096374 0.00096369 0.00434708 0.00144697 0.00096433 0.00096433 0.00193040 0.02916844 0.03236141 0.02972010 0.01853236 0.01346349 0.01694799 0.01345155 0.01190889 0.00493950 0.00289543 0.00289541 0.00434841 0.00580041 0.00628798 0.00628548 0.00386284 0.00434841 0.00580041 0.00628545 0.00580041 0.00628543 0.00580044 0.00580041 0.00629092 0.00483153 0.00435382 0.00289545 0.00580256 0.00434875 0.00241118 0.00970318 0.00144644 0.00289434 0.00144593 0.00386283 0.00969567 0.00241203 0.01459832 0.00580177 0.00580286 0.00144595 0.01116387 0.00289519 0.00338236 0.00289520 0.00289648 0.00241209 0.00337757 0.00289449 0.00337764 0.00337764 0.00386284 0.00241206 0.00241228 0.00192845 0.00192856 0.00241206 0.00241206 0.00192846 0.00192845 0.00144594 0.00192846 0.00192920 0.00241135 0.00241206 0.00192855 0.00144595 0.00144595 0.00289459 0.00241135 0.00241206 0.00144595 0.00241135 0.00192855 0.00677318 0.00096403 0.00192853 0.00096364 0.00096368 0.00144602 0.00144700 0.00241483 0.00241127 0.00192866 0.00337865 0.00337862 0.00434923 0.00289436 0.00386522 
LTU_2019_01881G2S1  0.00337870 0.01116835 0.00096374 0.00000000 0.00000053 0.00337898 0.00241334 0.00193003 0.00193003 0.00289768 0.02812676 0.03131364 0.02867661 0.01751863 0.01245772 0.01594022 0.01244665 0.01090911 0.00394894 0.00192910 0.00192909 0.00338002 0.00483071 0.00531733 0.00531522 0.00289535 0.00338002 0.00483071 0.00531519 0.00483071 0.00531518 0.00483073 0.00483071 0.00531981 0.00386285 0.00338422 0.00192912 0.00483250 0.00338028 0.00144582 0.00872748 0.00048185 0.00192838 0.00048168 0.00289535 0.00872074 0.00144633 0.01361670 0.00483184 0.00483275 0.00048169 0.01018683 0.00192894 0.00241448 0.00192895 0.00192980 0.00144637 0.00241107 0.00192848 0.00241112 0.00241112 0.00289535 0.00144635 0.00144648 0.00096363 0.00096369 0.00144635 0.00144635 0.00096364 0.00096363 0.00048168 0.00096364 0.00096401 0.00144593 0.00144635 0.00096368 0.00048169 0.00048169 0.00192854 0.00144593 0.00144635 0.00048169 0.00144593 0.00096368 0.00580202 0.00096407 0.00192863 0.00096369 0.00096373 0.00144609 0.00144708 0.00241495 0.00241139 0.00192876 0.00241184 0.00241182 0.00338065 0.00192839 0.00289713 
LTU_2019_07885G2S1  0.00337853 0.01116777 0.00096369 0.00000053 0.00000000 0.00337881 0.00241322 0.00192993 0.00192993 0.00289753 0.02812520 0.03131190 0.02867502 0.01751851 0.01245763 0.01594011 0.01244656 0.01090903 0.00394891 0.00192900 0.00192899 0.00337984 0.00483046 0.00531705 0.00531494 0.00289520 0.00337984 0.00483046 0.00531491 0.00483046 0.00531490 0.00483048 0.00483046 0.00531953 0.00386265 0.00338405 0.00192902 0.00483225 0.00338011 0.00144575 0.00872702 0.00048183 0.00192828 0.00048166 0.00289520 0.00872028 0.00144625 0.01361599 0.00483158 0.00483249 0.00048166 0.01018630 0.00192884 0.00241436 0.00192885 0.00192970 0.00144629 0.00241095 0.00192838 0.00241100 0.00241100 0.00289520 0.00144627 0.00144641 0.00096358 0.00096364 0.00144627 0.00144627 0.00096359 0.00096358 0.00048166 0.00096359 0.00096396 0.00144585 0.00144627 0.00096363 0.00048166 0.00048166 0.00192844 0.00144585 0.00144627 0.00048166 0.00144585 0.00096363 0.00580171 0.00096402 0.00192853 0.00096364 0.00096368 0.00144602 0.00144700 0.00241483 0.00241127 0.00192866 0.00241171 0.00241169 0.00338048 0.00192829 0.00289698 
LTU_2019_08805G2S1  0.00096369 0.01165441 0.00434708 0.00337898 0.00337881 0.00000000 0.00580570 0.00532012 0.00532012 0.00629314 0.02809815 0.03182804 0.02918970 0.01802072 0.01295717 0.01643977 0.01294567 0.01140598 0.00444296 0.00241150 0.00241148 0.00386307 0.00531402 0.00580098 0.00579867 0.00337808 0.00386307 0.00531402 0.00579864 0.00531402 0.00579863 0.00531404 0.00531402 0.00580369 0.00434590 0.00386786 0.00241151 0.00531601 0.00386336 0.00483077 0.00921269 0.00386390 0.00531554 0.00386254 0.00337807 0.00920561 0.00192854 0.01410357 0.00531528 0.00531628 0.00386255 0.01067236 0.00241129 0.00289753 0.00241131 0.00531949 0.00483259 0.00580021 0.00531581 0.00580034 0.00580034 0.00337808 0.00483254 0.00483299 0.00434657 0.00434682 0.00483254 0.00483254 0.00434657 0.00434657 0.00386255 0.00434659 0.00434825 0.00483111 0.00483254 0.00434680 0.00386255 0.00386255 0.00531599 0.00483111 0.00483254 0.00386257 0.00483111 0.00434680 0.00628579 0.00434857 0.00531623 0.00434682 0.00434702 0.00483167 0.00483499 0.00580961 0.00580099 0.00531660 0.00289435 0.00289433 0.00386380 0.00531557 0.00338016 
LTU_2019_09074GSV1  0.00580522 0.01362730 0.00144697 0.00241334 0.00241322 0.00580570 0.00000000 0.00048169 0.00048169 0.00144638 0.03023439 0.03343602 0.03078832 0.02006947 0.01498505 0.01847498 0.01497178 0.01342030 0.00643224 0.00435033 0.00435030 0.00580749 0.00726253 0.00775189 0.00774879 0.00532020 0.00580749 0.00726253 0.00774875 0.00726253 0.00774874 0.00726256 0.00726253 0.00726837 0.00580550 0.00581472 0.00386570 0.00677862 0.00580795 0.00386427 0.01117723 0.00289767 0.00434869 0.00289664 0.00532019 0.01116856 0.00386563 0.01608494 0.00726423 0.00726561 0.00289667 0.01264104 0.00434997 0.00483995 0.00434999 0.00435192 0.00386573 0.00483308 0.00434892 0.00483318 0.00483318 0.00532020 0.00386569 0.00386604 0.00338036 0.00338056 0.00386569 0.00386569 0.00338038 0.00338036 0.00289665 0.00338038 0.00338168 0.00386454 0.00386569 0.00338054 0.00289667 0.00289667 0.00434906 0.00386454 0.00386568 0.00289667 0.00386454 0.00338054 0.00823822 0.00241405 0.00338051 0.00241308 0.00241319 0.00289681 0.00289880 0.00387013 0.00386441 0.00338074 0.00483463 0.00483459 0.00580859 0.00434872 0.00532349 
LTU_2019_09074GSV11 0.00531967 0.01313622 0.00096433 0.00193003 0.00192993 0.00532012 0.00048169 0.00000000 0.00000053 0.00096393 0.03023439 0.03343602 0.03078832 0.01956097 0.01448056 0.01796948 0.01446773 0.01291883 0.00593542 0.00386567 0.00386564 0.00532175 0.00677610 0.00726497 0.00726207 0.00483493 0.00532175 0.00677610 0.00726203 0.00677610 0.00726202 0.00677613 0.00677610 0.00726837 0.00580550 0.00532838 0.00386570 0.00677862 0.00532217 0.00338011 0.01068769 0.00241392 0.00386422 0.00241306 0.00483492 0.01067940 0.00338130 0.01559230 0.00677769 0.00677897 0.00241309 0.01215078 0.00386535 0.00435450 0.00386537 0.00386708 0.00338138 0.00434832 0.00386441 0.00434842 0.00434842 0.00483493 0.00338135 0.00338166 0.00289649 0.00289665 0.00338135 0.00338135 0.00289650 0.00289649 0.00241308 0.00289650 0.00289762 0.00338035 0.00338135 0.00289664 0.00241309 0.00241309 0.00386454 0.00338035 0.00338134 0.00241309 0.00338035 0.00289664 0.00775103 0.00193059 0.00289661 0.00192982 0.00192991 0.00241321 0.00241486 0.00338523 0.00338023 0.00289681 0.00434971 0.00434968 0.00532276 0.00386424 0.00483792 
LTU_2019_09335GS2   0.00531967 0.01313622 0.00096433 0.00193003 0.00192993 0.00532012 0.00048169 0.00000053 0.00000000 0.00096393 0.03023439 0.03343602 0.03078832 0.01956097 0.01448056 0.01796948 0.01446773 0.01291883 0.00593542 0.00386567 0.00386564 0.00532175 0.00677610 0.00726497 0.00726207 0.00483493 0.00532175 0.00677610 0.00726203 0.00677610 0.00726202 0.00677613 0.00677610 0.00726837 0.00580550 0.00532838 0.00386570 0.00677862 0.00532217 0.00338011 0.01068769 0.00241392 0.00386422 0.00241306 0.00483492 0.01067940 0.00338130 0.01559230 0.00677769 0.00677897 0.00241309 0.01215078 0.00386535 0.00435450 0.00386537 0.00386708 0.00338138 0.00434832 0.00386441 0.00434842 0.00434842 0.00483493 0.00338135 0.00338166 0.00289649 0.00289665 0.00338135 0.00338135 0.00289650 0.00289649 0.00241308 0.00289650 0.00289762 0.00338035 0.00338135 0.00289664 0.00241309 0.00241309 0.00386454 0.00338035 0.00338134 0.00241309 0.00338035 0.00289664 0.00775103 0.00193059 0.00289661 0.00192982 0.00192991 0.00241321 0.00241486 0.00338523 0.00338023 0.00289681 0.00434971 0.00434968 0.00532276 0.00386424 0.00483792 
LTU_2019_09790P1G1  0.00629262 0.01412223 0.00193040 0.00289768 0.00289753 0.00629314 0.00144638 0.00096393 0.00096393 0.00000000 0.03128958 0.03449847 0.03184553 0.02007466 0.01498888 0.01847973 0.01446185 0.01342370 0.00643384 0.00483648 0.00483645 0.00580720 0.00775118 0.00824115 0.00823786 0.00580720 0.00580720 0.00775118 0.00823782 0.00775118 0.00823780 0.00775122 0.00775118 0.00824502 0.00677926 0.00630293 0.00483653 0.00726487 0.00629558 0.00434981 0.01117283 0.00289753 0.00483466 0.00338136 0.00580719 0.01166092 0.00435134 0.01658206 0.00677608 0.00775447 0.00338139 0.01313488 0.00483609 0.00532703 0.00483611 0.00483825 0.00435145 0.00531946 0.00483491 0.00531957 0.00531957 0.00580720 0.00435140 0.00435180 0.00386549 0.00386572 0.00435140 0.00435140 0.00386551 0.00386549 0.00338138 0.00386551 0.00386701 0.00435012 0.00435140 0.00386570 0.00338139 0.00338139 0.00483507 0.00435012 0.00435140 0.00338138 0.00435012 0.00386570 0.00823782 0.00289852 0.00386564 0.00289735 0.00289748 0.00338154 0.00338388 0.00435642 0.00434997 0.00386591 0.00532116 0.00532111 0.00629628 0.00483469 0.00581080 
OP479889            0.02863670 0.03282468 0.02916844 0.02812676 0.02812520 0.02809815 0.03023439 0.03023439 0.03023439 0.03128958 0.00000000 0.01214747 0.00452450 0.02240142 0.01711045 0.02874302 0.02934184 0.03143072 0.02398136 0.02707893 0.02707875 0.02759734 0.02967643 0.03020973 0.03019661 0.02759734 0.02759734 0.02967643 0.03019646 0.02967643 0.03019639 0.02967658 0.02967643 0.02811828 0.02863726 0.02815104 0.02707876 0.02915466 0.02447413 0.02968418 0.02968913 0.02812500 0.03020615 0.02864445 0.02811809 0.03018801 0.02655854 0.03544474 0.03020439 0.03020890 0.02864444 0.03176290 0.02707654 0.02762809 0.02707680 0.03022904 0.02969645 0.03072436 0.03020615 0.03072680 0.03072680 0.02759734 0.02969601 0.02916643 0.02916435 0.02916620 0.02969601 0.02969601 0.02916435 0.02916435 0.02864444 0.02916435 0.02917668 0.02968633 0.02969601 0.02916621 0.02864444 0.02864444 0.03020878 0.02968633 0.02916435 0.02864444 0.02968633 0.02916621 0.03019646 0.02917763 0.03020839 0.02916602 0.02916602 0.02968820 0.02917900 0.03077868 0.03072886 0.02969035 0.02759548 0.02707668 0.02865459 0.03020635 0.02813728 
OP718534            0.03182532 0.03603896 0.03236141 0.03131364 0.03131190 0.03182804 0.03343602 0.03343602 0.03343602 0.03449847 0.01214747 0.00000000 0.01164110 0.02562623 0.02029881 0.03200226 0.03261222 0.03470848 0.02721472 0.03025880 0.03025859 0.03078006 0.03234588 0.03288302 0.03286865 0.03078006 0.03078006 0.03234588 0.03286847 0.03234588 0.03286841 0.03234605 0.03234588 0.03130396 0.03182578 0.03134002 0.03025861 0.03234599 0.02763746 0.03287954 0.03288506 0.03131167 0.03340461 0.03183402 0.03130391 0.03338437 0.02973527 0.03867425 0.03340265 0.03340767 0.03183401 0.03496942 0.03025610 0.03081458 0.03025639 0.03343013 0.03289324 0.03392546 0.03340461 0.03392817 0.03392817 0.03078006 0.03289277 0.03235916 0.03235683 0.03235891 0.03289277 0.03289277 0.03235683 0.03235683 0.03183401 0.03235683 0.03237062 0.03288194 0.03289277 0.03235892 0.03183401 0.03183401 0.03340754 0.03288194 0.03235683 0.03183401 0.03288194 0.03235892 0.03286847 0.03237170 0.03340710 0.03235870 0.03235870 0.03288403 0.03237322 0.03398591 0.03393046 0.03288644 0.03077796 0.03025626 0.03184539 0.03340484 0.03132546 
OP718535            0.02918722 0.03338270 0.02972010 0.02867661 0.02867502 0.02918970 0.03078832 0.03078832 0.03078832 0.03184553 0.00452450 0.01164110 0.00000000 0.02295350 0.01765260 0.02930578 0.02990697 0.03199868 0.02453658 0.02762681 0.02762663 0.02814609 0.03022871 0.03076317 0.03074978 0.02814609 0.02814609 0.03022871 0.03074962 0.03022871 0.03074956 0.03022887 0.03022871 0.02866794 0.02918779 0.02870139 0.02762664 0.02970602 0.02501730 0.03023662 0.03024168 0.02867481 0.03075951 0.02919514 0.02866775 0.03074100 0.02710551 0.03600734 0.03075771 0.03076231 0.02919513 0.03231880 0.02762437 0.02817751 0.02762463 0.03078287 0.03024915 0.03127856 0.03075951 0.03128105 0.03128105 0.02814609 0.03024871 0.02971804 0.02971592 0.02971781 0.03024871 0.03024871 0.02971592 0.02971592 0.02919513 0.02971592 0.02972851 0.03023882 0.03024871 0.02971782 0.02919513 0.02919513 0.03076219 0.03023882 0.02971592 0.02919513 0.03023882 0.02971782 0.03074962 0.02972949 0.03076179 0.02971762 0.02971762 0.03024073 0.02973088 0.03133397 0.03128314 0.03024293 0.02814419 0.02762451 0.02920550 0.03075972 0.02868736 
OP781308            0.01801925 0.02208755 0.01853236 0.01751863 0.01751851 0.01802072 0.02006947 0.01956097 0.01956097 0.02007466 0.02240142 0.02562623 0.02295350 0.00000000 0.00495743 0.01952822 0.01855002 0.02055142 0.01347185 0.01650339 0.01650337 0.01802659 0.01953741 0.02005237 0.02004395 0.01751441 0.01802659 0.01953741 0.02004385 0.01953741 0.02004381 0.01953751 0.01953741 0.02006216 0.01852693 0.01804971 0.01650364 0.01954508 0.01397570 0.01802423 0.01904145 0.01803082 0.01853103 0.01802405 0.01751429 0.01953195 0.01599785 0.02412648 0.01903592 0.01903968 0.01802414 0.02004760 0.01650214 0.01702668 0.01650229 0.01854554 0.01803141 0.01903673 0.01853202 0.01903717 0.01903717 0.01751441 0.01904336 0.01904518 0.01853007 0.01853120 0.01904336 0.01904336 0.01853007 0.01853007 0.01802414 0.01853007 0.01853763 0.01903728 0.01904336 0.01853112 0.01802414 0.01802414 0.01954501 0.01903728 0.01904334 0.01802423 0.01903728 0.01853112 0.02055841 0.01802622 0.01903967 0.01802546 0.01802631 0.01903967 0.01853935 0.02008379 0.01954580 0.01954743 0.01700710 0.01700694 0.01803020 0.01954340 0.01701348 
OP781309            0.01295612 0.01699178 0.01346349 0.01245772 0.01245763 0.01295717 0.01498505 0.01448056 0.01448056 0.01498888 0.01711045 0.02029881 0.01765260 0.00495743 0.00000000 0.01445579 0.01347552 0.01546908 0.00844428 0.01145138 0.01145136 0.01296134 0.01446328 0.01497239 0.01496617 0.01245475 0.01296134 0.01446328 0.01496609 0.01446328 0.01496606 0.01446336 0.01446328 0.01497962 0.01345966 0.01297792 0.01145149 0.01446889 0.00894412 0.01295965 0.01396748 0.01296434 0.01346254 0.01295953 0.01245473 0.01445935 0.01094973 0.01901512 0.01396419 0.01396618 0.01295959 0.01496815 0.01145046 0.01196538 0.01145057 0.01347224 0.01296476 0.01396397 0.01346254 0.01396503 0.01396503 0.01245475 0.01396951 0.01397084 0.01346184 0.01346266 0.01396951 0.01396951 0.01346184 0.01346184 0.01295959 0.01346184 0.01346728 0.01396518 0.01396951 0.01346260 0.01295959 0.01295959 0.01446891 0.01396518 0.01396950 0.01295965 0.01396518 0.01346260 0.01547501 0.01296039 0.01396610 0.01296053 0.01296045 0.01396610 0.01346780 0.01499478 0.01446865 0.01446985 0.01195174 0.01195163 0.01296390 0.01446766 0.01195617 
OP781310            0.01643843 0.02048268 0.01694799 0.01594022 0.01594011 0.01643977 0.01847498 0.01796948 0.01796948 0.01847973 0.02874302 0.03200226 0.02930578 0.01952822 0.01445579 0.00000000 0.01747402 0.01895526 0.01191713 0.01493128 0.01493126 0.01644509 0.01794798 0.01845933 0.01845164 0.01593640 0.01644509 0.01794798 0.01845154 0.01794798 0.01845151 0.01794807 0.01794798 0.01846828 0.01694315 0.01646609 0.01493142 0.01795497 0.01241800 0.01644294 0.01745312 0.01644892 0.01694679 0.01644279 0.01593638 0.01794308 0.01442862 0.02250973 0.01744901 0.01745151 0.01644286 0.01845409 0.01493008 0.01544982 0.01493022 0.01695906 0.01644945 0.01744873 0.01694679 0.01745006 0.01745006 0.01593640 0.01745569 0.01745735 0.01694591 0.01694695 0.01745569 0.01745569 0.01694591 0.01694591 0.01644286 0.01694591 0.01695279 0.01745025 0.01745569 0.01694687 0.01644286 0.01644286 0.01795499 0.01745025 0.01745567 0.01644294 0.01745025 0.01694687 0.01896257 0.01644388 0.01745141 0.01644406 0.01644396 0.01745141 0.01695344 0.01848717 0.01795467 0.01795616 0.01543217 0.01543202 0.01644835 0.01795343 0.01543791 
OP781311            0.01294462 0.01697679 0.01345155 0.01244665 0.01244656 0.01294567 0.01497178 0.01446773 0.01446773 0.01446185 0.02934184 0.03261222 0.02990697 0.01855002 0.01347552 0.01747402 0.00000000 0.01545541 0.00843674 0.01144119 0.01144118 0.01294983 0.01445048 0.01495914 0.01495293 0.01244369 0.01294983 0.01445048 0.01495286 0.01445048 0.01495283 0.01445055 0.01445048 0.01496636 0.01344773 0.01296638 0.01144130 0.01445608 0.00893614 0.01294815 0.01294065 0.01295283 0.01345060 0.01294803 0.01244367 0.01444656 0.01093998 0.01899840 0.01344004 0.01395380 0.01294809 0.01495491 0.01144028 0.01195473 0.01144038 0.01346029 0.01295325 0.01395160 0.01345060 0.01395266 0.01395266 0.01244369 0.01395713 0.01395845 0.01344991 0.01345072 0.01395713 0.01395713 0.01344991 0.01344991 0.01294809 0.01344991 0.01345533 0.01395280 0.01395713 0.01345066 0.01294809 0.01294809 0.01445610 0.01395280 0.01395711 0.01294815 0.01395280 0.01345066 0.01546133 0.01294888 0.01395373 0.01294902 0.01294895 0.01395373 0.01345585 0.01498157 0.01445584 0.01445703 0.01194112 0.01194101 0.01295238 0.01445485 0.01194554 
OP781312            0.01140506 0.01541636 0.01190889 0.01090911 0.01090903 0.01140598 0.01342030 0.01291883 0.01291883 0.01342370 0.03143072 0.03470848 0.03199868 0.02055142 0.01546908 0.01895526 0.01545541 0.00000000 0.00692024 0.00990897 0.00990895 0.01140962 0.01290351 0.01340903 0.01340350 0.01090653 0.01140962 0.01290351 0.01340343 0.01290351 0.01340340 0.01290358 0.01290351 0.01341546 0.01190547 0.01142415 0.00990911 0.01290848 0.00741711 0.01140815 0.01240980 0.01141224 0.01190805 0.01140804 0.01090646 0.01290003 0.00941035 0.01742769 0.01240684 0.01240860 0.01140809 0.01340525 0.00990823 0.01041841 0.00990832 0.01191658 0.01141261 0.01240671 0.01190805 0.01240765 0.01240765 0.01090653 0.01241160 0.01241277 0.01190744 0.01190816 0.01241160 0.01241160 0.01190744 0.01190744 0.01140809 0.01190744 0.01191222 0.01240772 0.01241160 0.01190811 0.01140809 0.01140809 0.01290843 0.01240772 0.01241159 0.01140815 0.01240772 0.01190811 0.01390883 0.01140879 0.01240860 0.01140891 0.01140885 0.01240860 0.01191267 0.01342901 0.01290827 0.01290933 0.01040661 0.01040651 0.01141186 0.01290739 0.01041044 
OP781313            0.00444261 0.00841576 0.00493950 0.00394894 0.00394891 0.00444296 0.00643224 0.00593542 0.00593542 0.00643384 0.02398136 0.02721472 0.02453658 0.01347185 0.00844428 0.01191713 0.00843674 0.00692024 0.00000000 0.00295922 0.00295922 0.00444436 0.00592846 0.00642689 0.00642427 0.00394802 0.00444436 0.00592846 0.00642424 0.00592846 0.00642422 0.00592849 0.00592846 0.00642993 0.00493813 0.00445001 0.00295925 0.00593071 0.00049223 0.00444379 0.00543552 0.00444536 0.00493916 0.00444375 0.00394801 0.00592688 0.00246518 0.01040914 0.00543426 0.00543502 0.00444377 0.00642510 0.00295899 0.00345701 0.00295901 0.00494265 0.00444551 0.00543417 0.00493916 0.00543458 0.00543458 0.00394802 0.00543628 0.00543679 0.00493891 0.00493921 0.00543628 0.00543628 0.00493891 0.00493891 0.00444377 0.00493891 0.00494087 0.00543464 0.00543628 0.00493918 0.00444377 0.00444377 0.00593072 0.00543464 0.00543628 0.00444379 0.00543464 0.00493918 0.00692284 0.00444404 0.00543499 0.00444409 0.00444406 0.00543499 0.00494105 0.00643633 0.00593061 0.00593109 0.00345314 0.00345311 0.00444521 0.00593021 0.00345439 
China_ASFV-SY18     0.00241130 0.01018837 0.00289543 0.00192910 0.00192900 0.00241150 0.00435033 0.00386567 0.00386567 0.00483648 0.02707893 0.03025880 0.02762681 0.01650339 0.01145138 0.01493128 0.01144119 0.00990897 0.00295922 0.00000000 0.00000053 0.00241220 0.00386124 0.00434679 0.00434506 0.00192856 0.00241220 0.00386124 0.00434504 0.00386124 0.00434503 0.00386126 0.00386124 0.00434879 0.00289462 0.00241522 0.00096372 0.00386264 0.00241241 0.00337845 0.00775100 0.00241274 0.00386232 0.00241188 0.00096363 0.00774502 0.00048169 0.01263303 0.00289463 0.00289517 0.00241191 0.00920862 0.00096364 0.00144744 0.00096365 0.00386518 0.00337973 0.00434619 0.00386252 0.00434629 0.00434629 0.00192856 0.00337969 0.00338000 0.00289507 0.00289524 0.00337969 0.00337969 0.00289508 0.00289507 0.00241189 0.00289508 0.00289620 0.00337868 0.00337969 0.00289522 0.00241191 0.00241191 0.00386263 0.00337868 0.00337969 0.00241191 0.00337868 0.00289522 0.00483084 0.00289640 0.00386282 0.00289524 0.00289537 0.00337908 0.00338140 0.00435321 0.00434677 0.00386309 0.00144586 0.00144585 0.00241267 0.00386233 0.00192976 
China_HLJ-2018      0.00241128 0.01018830 0.00289541 0.00192909 0.00192899 0.00241148 0.00435030 0.00386564 0.00386564 0.00483645 0.02707875 0.03025859 0.02762663 0.01650337 0.01145136 0.01493126 0.01144118 0.00990895 0.00295922 0.00000053 0.00000000 0.00241219 0.00386121 0.00434676 0.00434504 0.00192855 0.00241219 0.00386121 0.00434502 0.00386121 0.00434501 0.00386123 0.00386121 0.00434877 0.00289461 0.00241520 0.00096372 0.00386262 0.00241239 0.00337843 0.00775095 0.00241272 0.00386230 0.00241187 0.00096362 0.00774498 0.00048169 0.01263295 0.00289461 0.00289516 0.00241189 0.00920856 0.00096364 0.00144743 0.00096364 0.00386516 0.00337970 0.00434617 0.00386250 0.00434626 0.00434626 0.00192855 0.00337967 0.00337998 0.00289505 0.00289522 0.00337967 0.00337967 0.00289507 0.00289505 0.00241188 0.00289506 0.00289618 0.00337866 0.00337967 0.00289521 0.00241189 0.00241189 0.00386261 0.00337866 0.00337967 0.00241189 0.00337866 0.00289521 0.00483081 0.00289638 0.00386280 0.00289522 0.00289535 0.00337906 0.00338138 0.00435319 0.00434675 0.00386306 0.00144585 0.00144584 0.00241265 0.00386231 0.00192974 
OR460730            0.00386275 0.01165810 0.00434841 0.00338002 0.00337984 0.00386307 0.00580749 0.00532175 0.00532175 0.00580720 0.02759734 0.03078006 0.02814609 0.01802659 0.01296134 0.01644509 0.01294983 0.01140962 0.00444436 0.00241220 0.00241219 0.00000000 0.00531564 0.00580275 0.00580044 0.00048183 0.00000053 0.00531564 0.00580041 0.00531564 0.00580040 0.00531566 0.00531564 0.00289730 0.00096400 0.00096546 0.00241222 0.00144574 0.00386453 0.00483221 0.00921557 0.00289518 0.00531714 0.00386369 0.00337907 0.00920845 0.00192911 0.01410797 0.00531685 0.00531786 0.00386373 0.01067566 0.00241202 0.00289839 0.00241203 0.00532109 0.00483404 0.00580196 0.00531741 0.00580208 0.00580208 0.00048183 0.00483399 0.00483443 0.00434787 0.00434812 0.00483399 0.00483399 0.00434789 0.00434787 0.00386371 0.00434789 0.00434955 0.00483256 0.00483399 0.00434810 0.00386373 0.00386373 0.00531759 0.00483256 0.00483399 0.00337865 0.00483256 0.00434810 0.00531372 0.00434987 0.00483137 0.00386258 0.00386276 0.00434709 0.00483644 0.00581135 0.00580273 0.00483170 0.00289522 0.00289518 0.00386495 0.00531715 0.00338117 
OR460731            0.00531360 0.01312096 0.00580041 0.00483071 0.00483046 0.00531402 0.00726253 0.00677610 0.00677610 0.00775118 0.02967643 0.03234588 0.03022871 0.01953741 0.01446328 0.01794798 0.01445048 0.01290351 0.00592846 0.00386124 0.00386121 0.00531564 0.00000000 0.00048185 0.00048166 0.00482938 0.00531564 0.00000053 0.00048166 0.00000053 0.00048165 0.00000053 0.00000053 0.00725996 0.00579880 0.00532223 0.00386125 0.00677081 0.00531603 0.00628462 0.01067524 0.00531679 0.00677021 0.00531490 0.00482937 0.01066698 0.00337743 0.01557401 0.00676988 0.00677116 0.00531492 0.01213656 0.00386090 0.00434950 0.00386094 0.00677526 0.00628700 0.00725560 0.00677056 0.00725576 0.00725576 0.00482938 0.00628694 0.00628752 0.00579969 0.00580003 0.00628694 0.00628694 0.00579969 0.00579969 0.00531492 0.00579972 0.00580194 0.00628507 0.00628694 0.00580000 0.00531492 0.00531492 0.00677079 0.00628507 0.00628693 0.00531495 0.00628507 0.00580000 0.00096391 0.00580237 0.00677110 0.00580003 0.00580030 0.00628580 0.00629013 0.00726738 0.00725658 0.00677156 0.00434473 0.00434469 0.00531664 0.00677026 0.00483236 
OR460732            0.00580052 0.01361609 0.00628798 0.00531733 0.00531705 0.00580098 0.00775189 0.00726497 0.00726497 0.00824115 0.03020973 0.03288302 0.03076317 0.02005237 0.01497239 0.01845933 0.01495914 0.01340903 0.00642689 0.00434679 0.00434676 0.00580275 0.00048185 0.00000000 0.00096396 0.00531586 0.00580275 0.00048185 0.00096395 0.00048185 0.00096395 0.00048185 0.00048185 0.00774915 0.00628623 0.00580995 0.00434681 0.00725930 0.00580318 0.00677258 0.01116799 0.00580401 0.00725865 0.00580195 0.00531586 0.01115933 0.00386249 0.01607155 0.00725830 0.00725967 0.00580197 0.01263051 0.00434641 0.00483601 0.00434645 0.00726407 0.00677515 0.00774449 0.00725903 0.00774466 0.00774466 0.00531586 0.00677508 0.00677570 0.00628720 0.00628757 0.00677508 0.00677508 0.00628720 0.00628720 0.00580197 0.00628723 0.00628964 0.00677306 0.00677508 0.00628754 0.00580197 0.00580197 0.00725927 0.00677306 0.00677507 0.00580200 0.00677306 0.00628754 0.00144683 0.00629011 0.00725960 0.00628756 0.00628785 0.00677384 0.00677852 0.00775708 0.00774553 0.00726010 0.00483069 0.00483065 0.00580385 0.00725870 0.00531915 
OR460733            0.00579822 0.01361059 0.00628548 0.00531522 0.00531494 0.00579867 0.00774879 0.00726207 0.00726207 0.00823786 0.03019661 0.03286865 0.03074978 0.02004395 0.01496617 0.01845164 0.01495293 0.01340350 0.00642427 0.00434506 0.00434504 0.00580044 0.00048166 0.00096396 0.00000000 0.00531375 0.00580044 0.00048166 0.00000053 0.00048166 0.00096357 0.00048166 0.00048166 0.00774605 0.00628372 0.00580763 0.00434508 0.00725640 0.00580087 0.00676988 0.01116350 0.00580170 0.00725576 0.00579964 0.00531374 0.01115485 0.00386096 0.01606503 0.00725540 0.00725678 0.00579966 0.01262542 0.00434469 0.00483409 0.00434473 0.00726117 0.00677245 0.00774140 0.00725613 0.00774156 0.00774156 0.00531375 0.00677238 0.00677300 0.00628470 0.00628506 0.00677238 0.00677238 0.00628470 0.00628470 0.00579966 0.00628472 0.00628713 0.00677036 0.00677238 0.00628503 0.00579966 0.00579966 0.00725638 0.00677036 0.00677237 0.00579969 0.00677036 0.00628503 0.00048183 0.00628760 0.00725671 0.00628506 0.00628535 0.00677115 0.00677582 0.00775398 0.00774244 0.00725721 0.00482878 0.00482873 0.00580154 0.00725581 0.00531704 
OR460734            0.00337780 0.01116531 0.00386284 0.00289535 0.00289520 0.00337808 0.00532020 0.00483493 0.00483493 0.00580720 0.02759734 0.03078006 0.02814609 0.01751441 0.01245475 0.01593640 0.01244369 0.01090653 0.00394802 0.00192856 0.00192855 0.00048183 0.00482938 0.00531586 0.00531375 0.00000000 0.00048183 0.00482938 0.00531372 0.00482938 0.00531371 0.00482940 0.00482938 0.00241291 0.00048170 0.00048243 0.00192857 0.00192886 0.00337936 0.00434628 0.00872505 0.00337982 0.00483074 0.00337862 0.00289454 0.00871832 0.00144593 0.01361288 0.00483048 0.00483139 0.00337865 0.01018399 0.00192841 0.00241382 0.00192842 0.00483432 0.00434792 0.00531514 0.00483099 0.00531525 0.00531525 0.00000053 0.00434787 0.00434827 0.00386236 0.00386258 0.00434787 0.00434787 0.00386238 0.00386236 0.00337864 0.00386238 0.00386385 0.00434659 0.00434787 0.00386257 0.00337865 0.00337865 0.00483115 0.00434659 0.00434787 0.00337865 0.00434659 0.00386257 0.00580041 0.00386414 0.00483137 0.00386258 0.00386276 0.00434709 0.00435007 0.00532373 0.00531585 0.00483170 0.00241118 0.00241115 0.00337972 0.00483075 0.00289634 
OR460735            0.00386275 0.01165810 0.00434841 0.00338002 0.00337984 0.00386307 0.00580749 0.00532175 0.00532175 0.00580720 0.02759734 0.03078006 0.02814609 0.01802659 0.01296134 0.01644509 0.01294983 0.01140962 0.00444436 0.00241220 0.00241219 0.00000053 0.00531564 0.00580275 0.00580044 0.00048183 0.00000000 0.00531564 0.00580041 0.00531564 0.00580040 0.00531566 0.00531564 0.00289730 0.00096400 0.00096546 0.00241222 0.00144574 0.00386453 0.00483221 0.00921557 0.00289518 0.00531714 0.00386369 0.00337907 0.00920845 0.00192911 0.01410797 0.00531685 0.00531786 0.00386373 0.01067566 0.00241202 0.00289839 0.00241203 0.00532109 0.00483404 0.00580196 0.00531741 0.00580208 0.00580208 0.00048183 0.00483399 0.00483443 0.00434787 0.00434812 0.00483399 0.00483399 0.00434789 0.00434787 0.00386371 0.00434789 0.00434955 0.00483256 0.00483399 0.00434810 0.00386373 0.00386373 0.00531759 0.00483256 0.00483399 0.00337865 0.00483256 0.00434810 0.00531372 0.00434987 0.00483137 0.00386258 0.00386276 0.00434709 0.00483644 0.00581135 0.00580273 0.00483170 0.00289522 0.00289518 0.00386495 0.00531715 0.00338117 
OR460736            0.00531360 0.01312096 0.00580041 0.00483071 0.00483046 0.00531402 0.00726253 0.00677610 0.00677610 0.00775118 0.02967643 0.03234588 0.03022871 0.01953741 0.01446328 0.01794798 0.01445048 0.01290351 0.00592846 0.00386124 0.00386121 0.00531564 0.00000053 0.00048185 0.00048166 0.00482938 0.00531564 0.00000000 0.00048166 0.00000053 0.00048165 0.00000053 0.00000053 0.00725996 0.00579880 0.00532223 0.00386125 0.00677081 0.00531603 0.00628462 0.01067524 0.00531679 0.00677021 0.00531490 0.00482937 0.01066698 0.00337743 0.01557401 0.00676988 0.00677116 0.00531492 0.01213656 0.00386090 0.00434950 0.00386094 0.00677526 0.00628700 0.00725560 0.00677056 0.00725576 0.00725576 0.00482938 0.00628694 0.00628752 0.00579969 0.00580003 0.00628694 0.00628694 0.00579969 0.00579969 0.00531492 0.00579972 0.00580194 0.00628507 0.00628694 0.00580000 0.00531492 0.00531492 0.00677079 0.00628507 0.00628693 0.00531495 0.00628507 0.00580000 0.00096391 0.00580237 0.00677110 0.00580003 0.00580030 0.00628580 0.00629013 0.00726738 0.00725658 0.00677156 0.00434473 0.00434469 0.00531664 0.00677026 0.00483236 
OR460737            0.00579819 0.01361053 0.00628545 0.00531519 0.00531491 0.00579864 0.00774875 0.00726203 0.00726203 0.00823782 0.03019646 0.03286847 0.03074962 0.02004385 0.01496609 0.01845154 0.01495286 0.01340343 0.00642424 0.00434504 0.00434502 0.00580041 0.00048166 0.00096395 0.00000053 0.00531372 0.00580041 0.00048166 0.00000000 0.00048166 0.00096356 0.00048166 0.00048166 0.00774601 0.00628369 0.00580760 0.00434506 0.00725637 0.00580085 0.00676985 0.01116344 0.00580167 0.00725572 0.00579961 0.00531372 0.01115479 0.00386094 0.01606495 0.00725537 0.00725674 0.00579964 0.01262536 0.00434467 0.00483406 0.00434471 0.00726113 0.00677241 0.00774136 0.00725610 0.00774153 0.00774153 0.00531372 0.00677234 0.00677297 0.00628467 0.00628503 0.00677234 0.00677234 0.00628467 0.00628467 0.00579964 0.00628469 0.00628710 0.00677033 0.00677234 0.00628500 0.00579964 0.00579964 0.00725634 0.00677033 0.00677234 0.00579966 0.00677033 0.00628500 0.00048183 0.00628757 0.00725667 0.00628503 0.00628532 0.00677111 0.00677578 0.00775394 0.00774240 0.00725717 0.00482875 0.00482871 0.00580151 0.00725577 0.00531701 
OR460738            0.00531360 0.01312096 0.00580041 0.00483071 0.00483046 0.00531402 0.00726253 0.00677610 0.00677610 0.00775118 0.02967643 0.03234588 0.03022871 0.01953741 0.01446328 0.01794798 0.01445048 0.01290351 0.00592846 0.00386124 0.00386121 0.00531564 0.00000053 0.00048185 0.00048166 0.00482938 0.00531564 0.00000053 0.00048166 0.00000000 0.00048165 0.00000053 0.00000053 0.00725996 0.00579880 0.00532223 0.00386125 0.00677081 0.00531603 0.00628462 0.01067524 0.00531679 0.00677021 0.00531490 0.00482937 0.01066698 0.00337743 0.01557401 0.00676988 0.00677116 0.00531492 0.01213656 0.00386090 0.00434950 0.00386094 0.00677526 0.00628700 0.00725560 0.00677056 0.00725576 0.00725576 0.00482938 0.00628694 0.00628752 0.00579969 0.00580003 0.00628694 0.00628694 0.00579969 0.00579969 0.00531492 0.00579972 0.00580194 0.00628507 0.00628694 0.00580000 0.00531492 0.00531492 0.00677079 0.00628507 0.00628693 0.00531495 0.00628507 0.00580000 0.00096391 0.00580237 0.00677110 0.00580003 0.00580030 0.00628580 0.00629013 0.00726738 0.00725658 0.00677156 0.00434473 0.00434469 0.00531664 0.00677026 0.00483236 
OR460739            0.00579818 0.01361050 0.00628543 0.00531518 0.00531490 0.00579863 0.00774874 0.00726202 0.00726202 0.00823780 0.03019639 0.03286841 0.03074956 0.02004381 0.01496606 0.01845151 0.01495283 0.01340340 0.00642422 0.00434503 0.00434501 0.00580040 0.00048165 0.00096395 0.00096357 0.00531371 0.00580040 0.00048165 0.00096356 0.00048165 0.00000000 0.00048166 0.00048165 0.00774600 0.00628368 0.00580759 0.00434505 0.00725635 0.00580083 0.00676983 0.01116342 0.00580166 0.00725571 0.00579960 0.00531371 0.01115477 0.00386093 0.01606492 0.00725535 0.00725673 0.00579962 0.01262534 0.00434466 0.00483406 0.00434470 0.00726112 0.00677240 0.00774134 0.00725608 0.00774151 0.00774151 0.00531371 0.00677233 0.00677295 0.00628465 0.00628502 0.00677233 0.00677233 0.00628465 0.00628465 0.00579962 0.00628468 0.00628709 0.00677032 0.00677233 0.00628499 0.00579962 0.00579962 0.00725633 0.00677032 0.00677232 0.00579965 0.00677032 0.00628499 0.00144624 0.00628756 0.00725666 0.00628502 0.00628531 0.00677110 0.00677577 0.00775393 0.00774239 0.00725716 0.00482874 0.00482870 0.00580150 0.00725576 0.00531700 
OR460740            0.00531363 0.01312102 0.00580044 0.00483073 0.00483048 0.00531404 0.00726256 0.00677613 0.00677613 0.00775122 0.02967658 0.03234605 0.03022887 0.01953751 0.01446336 0.01794807 0.01445055 0.01290358 0.00592849 0.00386126 0.00386123 0.00531566 0.00000053 0.00048185 0.00048166 0.00482940 0.00531566 0.00000053 0.00048166 0.00000053 0.00048166 0.00000000 0.00000053 0.00726000 0.00579882 0.00532225 0.00386127 0.00677085 0.00531606 0.00628465 0.01067530 0.00531682 0.00677025 0.00531493 0.00482940 0.01066703 0.00337744 0.01557409 0.00676992 0.00677120 0.00531495 0.01213661 0.00386092 0.00434952 0.00386096 0.00677529 0.00628703 0.00725564 0.00677060 0.00725579 0.00725579 0.00482940 0.00628697 0.00628755 0.00579972 0.00580006 0.00628697 0.00628697 0.00579972 0.00579972 0.00531495 0.00579975 0.00580197 0.00628510 0.00628697 0.00580003 0.00531495 0.00531495 0.00677083 0.00628510 0.00628696 0.00531498 0.00628510 0.00580003 0.00096391 0.00580240 0.00677113 0.00580006 0.00580032 0.00628583 0.00629016 0.00726742 0.00725661 0.00677160 0.00434475 0.00434471 0.00531667 0.00677029 0.00483239 
OR460741            0.00531360 0.01312096 0.00580041 0.00483071 0.00483046 0.00531402 0.00726253 0.00677610 0.00677610 0.00775118 0.02967643 0.03234588 0.03022871 0.01953741 0.01446328 0.01794798 0.01445048 0.01290351 0.00592846 0.00386124 0.00386121 0.00531564 0.00000053 0.00048185 0.00048166 0.00482938 0.00531564 0.00000053 0.00048166 0.00000053 0.00048165 0.00000053 0.00000000 0.00725996 0.00579880 0.00532223 0.00386125 0.00677081 0.00531603 0.00628462 0.01067524 0.00531679 0.00677021 0.00531490 0.00482937 0.01066698 0.00337743 0.01557401 0.00676988 0.00677116 0.00531492 0.01213656 0.00386090 0.00434950 0.00386094 0.00677526 0.00628700 0.00725560 0.00677056 0.00725576 0.00725576 0.00482938 0.00628694 0.00628752 0.00579969 0.00580003 0.00628694 0.00628694 0.00579969 0.00579969 0.00531492 0.00579972 0.00580194 0.00628507 0.00628694 0.00580000 0.00531492 0.00531492 0.00677079 0.00628507 0.00628693 0.00531495 0.00628507 0.00580000 0.00096391 0.00580237 0.00677110 0.00580003 0.00580030 0.00628580 0.00629013 0.00726738 0.00725658 0.00677156 0.00434473 0.00434469 0.00531664 0.00677026 0.00483236 
OR660695            0.00580323 0.01362255 0.00629092 0.00531981 0.00531953 0.00580369 0.00726837 0.00726837 0.00726837 0.00824502 0.02811828 0.03130396 0.02866794 0.02006216 0.01497962 0.01846828 0.01496636 0.01341546 0.00642993 0.00434879 0.00434877 0.00289730 0.00725996 0.00774915 0.00774605 0.00241291 0.00289730 0.00725996 0.00774601 0.00725996 0.00774600 0.00726000 0.00725996 0.00000000 0.00192970 0.00290092 0.00434871 0.00434941 0.00580589 0.00677575 0.01117326 0.00580672 0.00726205 0.00580466 0.00531831 0.01116459 0.00386428 0.01607921 0.00726167 0.00726304 0.00580468 0.01263655 0.00434844 0.00483827 0.00434847 0.00726747 0.00677832 0.00774812 0.00726243 0.00774828 0.00774828 0.00241291 0.00677825 0.00677887 0.00629014 0.00629051 0.00677825 0.00677825 0.00629014 0.00629014 0.00580468 0.00629017 0.00629255 0.00677623 0.00677825 0.00629048 0.00580468 0.00580468 0.00726267 0.00677623 0.00677824 0.00580471 0.00677623 0.00629048 0.00823530 0.00629305 0.00726300 0.00629050 0.00629079 0.00677701 0.00678170 0.00776072 0.00774916 0.00629170 0.00483295 0.00483288 0.00580656 0.00726207 0.00532163 
OR660696            0.00434556 0.01214358 0.00483153 0.00386285 0.00386265 0.00434590 0.00580550 0.00580550 0.00580550 0.00677926 0.02863726 0.03182578 0.02918779 0.01852693 0.01345966 0.01694315 0.01344773 0.01190547 0.00493813 0.00289462 0.00289461 0.00096400 0.00579880 0.00628623 0.00628372 0.00048170 0.00096400 0.00579880 0.00628369 0.00579880 0.00628368 0.00579882 0.00579880 0.00192970 0.00000000 0.00144817 0.00241154 0.00241191 0.00434754 0.00531537 0.00970040 0.00434816 0.00580046 0.00434660 0.00386176 0.00969290 0.00241137 0.01459409 0.00580015 0.00580124 0.00434662 0.01116067 0.00289439 0.00338144 0.00289441 0.00580477 0.00531740 0.00628539 0.00580076 0.00628553 0.00628553 0.00048170 0.00531732 0.00531781 0.00483091 0.00483119 0.00531732 0.00531732 0.00483091 0.00483091 0.00434662 0.00483093 0.00434835 0.00531572 0.00531732 0.00483116 0.00434662 0.00434662 0.00580090 0.00531572 0.00531732 0.00434664 0.00531572 0.00483116 0.00677129 0.00483316 0.00580122 0.00483121 0.00483143 0.00531638 0.00532004 0.00629558 0.00628624 0.00580161 0.00337773 0.00289441 0.00434804 0.00580050 0.00386417 
OR660697            0.00386755 0.01167259 0.00435382 0.00338422 0.00338405 0.00386786 0.00581472 0.00532838 0.00532838 0.00630293 0.02815104 0.03134002 0.02870139 0.01804971 0.01297792 0.01646609 0.01296638 0.01142415 0.00445001 0.00241522 0.00241520 0.00096546 0.00532223 0.00580995 0.00580763 0.00048243 0.00096546 0.00532223 0.00580760 0.00532223 0.00580759 0.00532225 0.00532223 0.00290092 0.00144817 0.00000000 0.00241523 0.00241560 0.00386932 0.00483821 0.00922702 0.00386987 0.00532375 0.00386848 0.00338329 0.00921988 0.00193151 0.01412551 0.00532349 0.00532450 0.00386846 0.01068892 0.00241501 0.00290200 0.00241503 0.00532771 0.00484006 0.00580918 0.00532403 0.00580930 0.00580930 0.00048243 0.00483994 0.00484043 0.00435322 0.00435347 0.00483994 0.00483994 0.00435322 0.00435322 0.00386846 0.00435324 0.00435491 0.00483855 0.00483994 0.00435349 0.00386846 0.00386846 0.00532418 0.00483855 0.00483994 0.00386848 0.00483855 0.00435349 0.00629551 0.00435529 0.00532445 0.00435353 0.00435373 0.00483913 0.00484246 0.00581860 0.00580996 0.00532481 0.00289882 0.00289879 0.00386977 0.00532379 0.00338538 
