103
LTU_2018_00696S3    0.00000000 0.00451355 0.00168965 0.00131396 0.00131390 0.00037492 0.00225398 0.00206593 0.00206593 0.00244259 0.01099836 0.01780419 0.01219872 0.01120277 0.00695479 0.00501565 0.00635302 0.00500282 0.00442041 0.00172698 0.01133324 0.00093821 0.00093821 0.00150176 0.00206535 0.00225356 0.00225336 0.00131376 0.00150176 0.00206535 0.00225335 0.00206535 0.00225335 0.00206536 0.00206535 0.00225376 0.00168951 0.00150402 0.00093822 0.00206560 0.02863653 0.00150179 0.00187761 0.00357148 0.00150192 0.00206556 0.00150176 0.00131376 0.00357071 0.00074999 0.00545791 0.00206577 0.00206587 0.00150177 0.00413636 0.00093820 0.00112625 0.00093820 0.00206651 0.00187774 0.00225369 0.00206566 0.00225359 0.00755297 0.00225359 0.00131376 0.00187783 0.00187776 0.00168968 0.00168966 0.00187783 0.00187783 0.00168969 0.00168968 0.00150177 0.00168969 0.00168982 0.00187761 0.00187783 0.00168966 0.00150177 0.00150177 0.00206559 0.00187761 0.00187783 0.00150177 0.00187761 0.00168966 0.00244165 0.00168992 0.00206569 0.00168967 0.00168974 0.00187770 0.00187807 0.00225451 0.00225369 0.00206568 0.00112597 0.00112596 0.00150210 0.00206557 0.00131401 
LTU_2019_0332G2S1   0.00451355 0.00000000 0.00470241 0.00432553 0.00432531 0.00451359 0.00526932 0.00508059 0.00508059 0.00545924 0.01258123 0.01940495 0.01378556 0.01278696 0.00850803 0.00656491 0.00790034 0.00654811 0.00596337 0.00326505 0.01288170 0.00394798 0.00394795 0.00451386 0.00507913 0.00526830 0.00526783 0.00432486 0.00451386 0.00507913 0.00526780 0.00507913 0.00526780 0.00507916 0.00507913 0.00526876 0.00470197 0.00452066 0.00394802 0.00507978 0.03177348 0.00300627 0.00489109 0.00507978 0.00451434 0.00507967 0.00451386 0.00432483 0.00131395 0.00375957 0.00545819 0.00508017 0.00508042 0.00451388 0.00187791 0.00394793 0.00413745 0.00394796 0.00508201 0.00489142 0.00526863 0.00507993 0.00526839 0.01059440 0.00526839 0.00432486 0.00489166 0.00489147 0.00470251 0.00470245 0.00489166 0.00489166 0.00470251 0.00470251 0.00451388 0.00470253 0.00470287 0.00489107 0.00489166 0.00470243 0.00451388 0.00451388 0.00507972 0.00489107 0.00489166 0.00451391 0.00489107 0.00470243 0.00545711 0.00470317 0.00470271 0.00470246 0.00470267 0.00451413 0.00489228 0.00527056 0.00489127 0.00507997 0.00413642 0.00413638 0.00451489 0.00507970 0.00432570 
LTU_2019_00598P1G1  0.00168965 0.00470241 0.00000000 0.00037492 0.00037490 0.00168967 0.00056251 0.00037497 0.00037497 0.00075025 0.01119674 0.01800524 0.01239767 0.01140133 0.00714922 0.00520946 0.00654667 0.00519613 0.00461340 0.00191920 0.01152733 0.00112605 0.00112604 0.00168976 0.00225349 0.00244177 0.00244155 0.00150169 0.00168976 0.00225349 0.00244154 0.00225349 0.00244154 0.00225350 0.00225349 0.00244198 0.00187755 0.00169231 0.00112606 0.00225376 0.02883379 0.00168980 0.00093817 0.00376008 0.00056247 0.00112590 0.00056241 0.00150169 0.00375928 0.00093826 0.00564707 0.00225395 0.00225406 0.00056242 0.00432511 0.00112603 0.00131418 0.00112603 0.00112642 0.00093823 0.00131376 0.00112596 0.00131370 0.00660432 0.00131370 0.00150169 0.00093828 0.00093824 0.00074997 0.00074996 0.00093828 0.00093828 0.00074997 0.00074997 0.00056241 0.00074997 0.00075003 0.00093817 0.00093828 0.00074996 0.00056242 0.00056242 0.00112592 0.00093817 0.00093827 0.00056242 0.00093817 0.00074996 0.00262991 0.00037496 0.00075000 0.00037490 0.00037492 0.00056244 0.00056255 0.00093855 0.00093820 0.00075000 0.00131385 0.00131384 0.00169015 0.00112591 0.00150198 
LTU_2019_01881G2S1  0.00131396 0.00432553 0.00037492 0.00000000 0.00000053 0.00131398 0.00093837 0.00075013 0.00075013 0.00112640 0.01080211 0.01760661 0.01200212 0.01100638 0.00676137 0.00482257 0.00616029 0.00481023 0.00422807 0.00153504 0.01114078 0.00075009 0.00075008 0.00131405 0.00187761 0.00206579 0.00206560 0.00112609 0.00131405 0.00187761 0.00206559 0.00187761 0.00206559 0.00187762 0.00187761 0.00206597 0.00150180 0.00131604 0.00075010 0.00187784 0.02844477 0.00131408 0.00056245 0.00338354 0.00018746 0.00074999 0.00018744 0.00112609 0.00338282 0.00056250 0.00526977 0.00187800 0.00187809 0.00018744 0.00394839 0.00075008 0.00093855 0.00075008 0.00075034 0.00056248 0.00093825 0.00075003 0.00093821 0.00622594 0.00093821 0.00112609 0.00056251 0.00056249 0.00037493 0.00037492 0.00056251 0.00056251 0.00037493 0.00037493 0.00018744 0.00037493 0.00037496 0.00056245 0.00056251 0.00037492 0.00018744 0.00018744 0.00075001 0.00056245 0.00056251 0.00018744 0.00056245 0.00037492 0.00225386 0.00037498 0.00075004 0.00037492 0.00037494 0.00056247 0.00056258 0.00093859 0.00093825 0.00075004 0.00093832 0.00093831 0.00131435 0.00075000 0.00112631 
LTU_2019_07885G2S1  0.00131390 0.00432531 0.00037490 0.00000053 0.00000000 0.00131392 0.00093832 0.00075009 0.00075009 0.00112634 0.01080152 0.01760565 0.01200147 0.01100578 0.00676133 0.00482254 0.00616026 0.00481020 0.00422805 0.00153503 0.01114071 0.00075005 0.00075004 0.00131399 0.00187752 0.00206568 0.00206550 0.00112603 0.00131399 0.00187752 0.00206549 0.00187752 0.00206549 0.00187753 0.00187752 0.00206586 0.00150172 0.00131597 0.00075006 0.00187774 0.02844326 0.00131401 0.00056242 0.00338337 0.00018745 0.00074995 0.00018743 0.00112603 0.00338264 0.00056247 0.00526950 0.00187790 0.00187799 0.00018743 0.00394819 0.00075004 0.00093850 0.00075004 0.00075030 0.00056245 0.00093820 0.00074999 0.00093816 0.00622562 0.00093816 0.00112603 0.00056248 0.00056246 0.00037491 0.00037490 0.00056248 0.00056248 0.00037491 0.00037491 0.00018743 0.00037491 0.00037494 0.00056242 0.00056248 0.00037490 0.00018743 0.00018743 0.00074997 0.00056242 0.00056248 0.00018743 0.00056242 0.00037490 0.00225374 0.00037496 0.00075000 0.00037490 0.00037492 0.00056244 0.00056255 0.00093854 0.00093820 0.00075000 0.00093827 0.00093826 0.00131428 0.00074996 0.00112625 
LTU_2019_08805G2S1  0.00037492 0.00451359 0.00168967 0.00131398 0.00131392 0.00000000 0.00225402 0.00206597 0.00206597 0.00244262 0.01079881 0.01760116 0.01219884 0.01120289 0.00695487 0.00501570 0.00635309 0.00500287 0.00442046 0.00172700 0.01133336 0.00093823 0.00093822 0.00150178 0.00206537 0.00225358 0.00225338 0.00131378 0.00150178 0.00206537 0.00225337 0.00206537 0.00225337 0.00206538 0.00206537 0.00225378 0.00168952 0.00150404 0.00093823 0.00206563 0.02863697 0.00150180 0.00187764 0.00357150 0.00150194 0.00206559 0.00150178 0.00131378 0.00357075 0.00075001 0.00545797 0.00206580 0.00206590 0.00150179 0.00413640 0.00093821 0.00112627 0.00093822 0.00206654 0.00187777 0.00225373 0.00206570 0.00225362 0.00755309 0.00225362 0.00131378 0.00187786 0.00187779 0.00168971 0.00168969 0.00187786 0.00187786 0.00168971 0.00168971 0.00150179 0.00168972 0.00168984 0.00187764 0.00187786 0.00168968 0.00150179 0.00150179 0.00206562 0.00187764 0.00187786 0.00150180 0.00187764 0.00168968 0.00244168 0.00168995 0.00206572 0.00168969 0.00168977 0.00187773 0.00187809 0.00225455 0.00225372 0.00206571 0.00112599 0.00112598 0.00150212 0.00206560 0.00131403 
LTU_2019_09074GSV1  0.00225398 0.00526932 0.00056251 0.00093837 0.00093832 0.00225402 0.00000000 0.00018743 0.00018743 0.00056253 0.01159438 0.01840862 0.01279652 0.01179934 0.00773285 0.00579124 0.00712795 0.00577642 0.00519272 0.00249623 0.01210985 0.00168991 0.00168990 0.00225414 0.00281826 0.00300674 0.00300648 0.00206585 0.00225414 0.00281826 0.00300647 0.00281826 0.00300646 0.00281828 0.00281826 0.00281878 0.00225394 0.00225754 0.00150200 0.00263042 0.02942557 0.00225418 0.00150181 0.00432625 0.00112623 0.00168969 0.00112611 0.00206585 0.00432532 0.00150197 0.00621488 0.00281884 0.00281897 0.00112612 0.00489168 0.00168988 0.00187833 0.00168989 0.00169047 0.00150191 0.00187773 0.00168978 0.00187764 0.00717399 0.00187764 0.00206585 0.00150199 0.00150193 0.00131395 0.00131394 0.00150199 0.00150199 0.00131396 0.00131395 0.00112612 0.00131396 0.00131406 0.00150181 0.00150199 0.00131393 0.00112612 0.00112612 0.00168972 0.00150181 0.00150198 0.00112612 0.00150181 0.00131393 0.00319505 0.00093848 0.00131401 0.00093834 0.00093838 0.00112618 0.00112640 0.00150242 0.00150187 0.00131401 0.00187786 0.00187785 0.00225465 0.00168970 0.00206625 
LTU_2019_09074GSV11 0.00206593 0.00508059 0.00037497 0.00075013 0.00075009 0.00206597 0.00018743 0.00000000 0.00000053 0.00037498 0.01159438 0.01840862 0.01279652 0.01179934 0.00753872 0.00559760 0.00693456 0.00558328 0.00499986 0.00230397 0.01191636 0.00150198 0.00150197 0.00206608 0.00263011 0.00281853 0.00281828 0.00187785 0.00206608 0.00263011 0.00281827 0.00263011 0.00281826 0.00263012 0.00263011 0.00281878 0.00225394 0.00206919 0.00150200 0.00263042 0.02923012 0.00206612 0.00131395 0.00413772 0.00093843 0.00150179 0.00093833 0.00187785 0.00413683 0.00131408 0.00602592 0.00263064 0.00263077 0.00093834 0.00470305 0.00150196 0.00169032 0.00150197 0.00150248 0.00131404 0.00168978 0.00150187 0.00168970 0.00698447 0.00168970 0.00187785 0.00131410 0.00131405 0.00112613 0.00112612 0.00131410 0.00131410 0.00112614 0.00112613 0.00093833 0.00112613 0.00112622 0.00131395 0.00131410 0.00112611 0.00093834 0.00093834 0.00150181 0.00131395 0.00131410 0.00093834 0.00131395 0.00112611 0.00300680 0.00075021 0.00112618 0.00075010 0.00075013 0.00093838 0.00093857 0.00131448 0.00131400 0.00112618 0.00168990 0.00168989 0.00206655 0.00150180 0.00187822 
LTU_2019_09335GS2   0.00206593 0.00508059 0.00037497 0.00075013 0.00075009 0.00206597 0.00018743 0.00000053 0.00000000 0.00037498 0.01159438 0.01840862 0.01279652 0.01179934 0.00753872 0.00559760 0.00693456 0.00558328 0.00499986 0.00230397 0.01191636 0.00150198 0.00150197 0.00206608 0.00263011 0.00281853 0.00281828 0.00187785 0.00206608 0.00263011 0.00281827 0.00263011 0.00281826 0.00263012 0.00263011 0.00281878 0.00225394 0.00206919 0.00150200 0.00263042 0.02923012 0.00206612 0.00131395 0.00413772 0.00093843 0.00150179 0.00093833 0.00187785 0.00413683 0.00131408 0.00602592 0.00263064 0.00263077 0.00093834 0.00470305 0.00150196 0.00169032 0.00150197 0.00150248 0.00131404 0.00168978 0.00150187 0.00168970 0.00698447 0.00168970 0.00187785 0.00131410 0.00131405 0.00112613 0.00112612 0.00131410 0.00131410 0.00112614 0.00112613 0.00093833 0.00112613 0.00112622 0.00131395 0.00131410 0.00112611 0.00093834 0.00093834 0.00150181 0.00131395 0.00131410 0.00093834 0.00131395 0.00112611 0.00300680 0.00075021 0.00112618 0.00075010 0.00075013 0.00093838 0.00093857 0.00131448 0.00131400 0.00112618 0.00168990 0.00168989 0.00206655 0.00150180 0.00187822 
LTU_2019_09790P1G1  0.00244259 0.00545924 0.00075025 0.00112640 0.00112634 0.00244262 0.00056253 0.00037498 0.00037498 0.00000000 0.01199264 0.01881280 0.01319603 0.01219798 0.00773454 0.00579251 0.00712951 0.00558283 0.00519385 0.00249677 0.01230607 0.00187827 0.00187826 0.00225437 0.00300710 0.00319568 0.00319540 0.00225437 0.00225437 0.00300710 0.00319538 0.00300710 0.00319538 0.00300712 0.00300710 0.00319596 0.00263070 0.00244644 0.00187829 0.00281889 0.02962763 0.00244280 0.00169007 0.00432591 0.00112634 0.00187803 0.00131421 0.00225437 0.00451481 0.00169025 0.00640524 0.00263011 0.00300786 0.00131423 0.00508144 0.00187824 0.00206682 0.00187825 0.00187889 0.00169019 0.00206616 0.00187812 0.00206606 0.00717473 0.00206606 0.00225437 0.00169027 0.00169020 0.00150214 0.00150212 0.00169027 0.00169027 0.00150215 0.00150214 0.00131422 0.00150215 0.00150226 0.00169008 0.00169027 0.00150211 0.00131423 0.00131423 0.00187806 0.00169008 0.00169027 0.00131422 0.00169008 0.00150211 0.00319538 0.00112653 0.00150220 0.00112635 0.00112640 0.00131428 0.00131455 0.00169076 0.00169014 0.00150219 0.00206630 0.00206629 0.00244331 0.00187804 0.00225481 
OP479889            0.01099836 0.01258123 0.01119674 0.01080211 0.01080152 0.01079881 0.01159438 0.01159438 0.01159438 0.01199264 0.00000000 0.00667115 0.00469769 0.00175675 0.00862610 0.00660939 0.01104485 0.01125317 0.01206096 0.00923143 0.01416403 0.01040533 0.01040526 0.01060275 0.01139304 0.01159189 0.01159081 0.01060275 0.01060275 0.01139304 0.01159075 0.01139304 0.01159074 0.01139310 0.01139304 0.01080027 0.01099778 0.01081354 0.01040526 0.01119546 0.03923620 0.00941757 0.01139455 0.01139402 0.01080146 0.01159209 0.01099911 0.01080020 0.01158973 0.01020784 0.01357457 0.01159329 0.01159326 0.01099911 0.01218409 0.01040518 0.01060557 0.01040528 0.01159708 0.01139536 0.01178987 0.01159209 0.01178992 0.01618676 0.01178992 0.01060275 0.01139588 0.01119681 0.01119687 0.01119674 0.01139588 0.01139588 0.01119687 0.01119687 0.01099911 0.01119687 0.01119778 0.01139450 0.01139588 0.01119674 0.01099911 0.01099911 0.01159222 0.01139450 0.01119687 0.01099911 0.01139450 0.01119674 0.01159075 0.01119799 0.01159208 0.01119668 0.01119668 0.01139436 0.01119783 0.01179437 0.01178984 0.01139433 0.01060283 0.01040524 0.01100168 0.01159216 0.01080250 
OP718533            0.01780419 0.01940495 0.01800524 0.01760661 0.01760565 0.01760116 0.01840862 0.01840862 0.01840862 0.01881280 0.00667115 0.00000000 0.01083594 0.00805693 0.01535530 0.01331321 0.01779844 0.01801290 0.01882871 0.01596756 0.02089609 0.01720431 0.01720420 0.01740388 0.01820287 0.01840460 0.01840286 0.01740388 0.01740388 0.01820287 0.01840277 0.01820287 0.01840275 0.01820297 0.01820287 0.01760358 0.01780324 0.01742541 0.01720420 0.01800315 0.04642464 0.01620492 0.01820531 0.01820445 0.01760555 0.01840493 0.01780542 0.01760346 0.01840112 0.01700461 0.02041084 0.01840685 0.01840681 0.01780542 0.01900267 0.01720407 0.01740858 0.01720424 0.01841296 0.01820663 0.01860491 0.01840493 0.01860499 0.02306585 0.01860499 0.01740388 0.01820748 0.01800535 0.01800544 0.01800523 0.01820748 0.01820748 0.01800544 0.01800544 0.01780542 0.01800544 0.01800693 0.01820524 0.01820748 0.01800524 0.01780542 0.01780542 0.01840514 0.01820524 0.01800544 0.01780542 0.01820524 0.01800524 0.01840277 0.01800728 0.01840491 0.01800514 0.01800514 0.01820501 0.01800702 0.01861213 0.01860486 0.01820496 0.01740401 0.01720416 0.01780964 0.01840504 0.01760727 
OP718534            0.01219872 0.01378556 0.01239767 0.01200212 0.01200147 0.01219884 0.01279652 0.01279652 0.01279652 0.01319603 0.00469769 0.01083594 0.00000000 0.00450313 0.00984784 0.00782545 0.01227232 0.01248186 0.01329154 0.01045475 0.01559065 0.01160417 0.01160409 0.01180207 0.01239619 0.01259558 0.01259440 0.01180207 0.01180207 0.01239619 0.01259434 0.01239619 0.01259433 0.01239625 0.01239619 0.01200002 0.01219801 0.01201457 0.01160409 0.01239624 0.04051896 0.01061385 0.01259597 0.01259539 0.01200140 0.01279399 0.01219955 0.01200000 0.01279137 0.01140618 0.01478163 0.01279531 0.01279528 0.01219954 0.01338731 0.01160400 0.01180522 0.01160412 0.01279951 0.01259687 0.01299226 0.01279399 0.01299232 0.01740271 0.01299232 0.01180207 0.01259746 0.01239774 0.01239781 0.01239766 0.01259746 0.01259746 0.01239781 0.01239781 0.01219954 0.01239781 0.01239882 0.01259592 0.01259746 0.01239767 0.01219954 0.01219954 0.01279413 0.01259592 0.01239781 0.01219954 0.01259592 0.01239767 0.01259434 0.01239906 0.01279397 0.01239760 0.01239760 0.01259577 0.01239888 0.01299723 0.01299222 0.01259574 0.01180216 0.01160406 0.01220241 0.01279406 0.01200256 
OP718535            0.01120277 0.01278696 0.01140133 0.01100638 0.01100578 0.01120289 0.01179934 0.01179934 0.01179934 0.01219798 0.00175675 0.00805693 0.00450313 0.00000000 0.00883315 0.00681463 0.01125388 0.01146251 0.01227095 0.00943900 0.01437397 0.01060923 0.01060916 0.01080682 0.01159777 0.01179680 0.01179570 0.01080682 0.01080682 0.01159777 0.01179564 0.01159777 0.01179563 0.01159783 0.01159777 0.01100450 0.01120218 0.01101803 0.01060916 0.01140002 0.03946676 0.00962063 0.01159930 0.01159876 0.01100571 0.01179700 0.01120353 0.01100443 0.01179460 0.01041158 0.01378118 0.01179822 0.01179819 0.01120353 0.01238947 0.01060908 0.01080970 0.01060919 0.01180209 0.01160013 0.01199495 0.01179700 0.01199500 0.01639597 0.01199500 0.01080682 0.01160066 0.01140140 0.01140145 0.01140132 0.01160066 0.01160066 0.01140145 0.01140145 0.01120353 0.01140145 0.01140238 0.01159925 0.01160066 0.01140133 0.01120353 0.01120353 0.01179714 0.01159925 0.01140145 0.01120353 0.01159925 0.01140133 0.01179564 0.01140260 0.01179699 0.01140126 0.01140126 0.01159911 0.01140244 0.01199953 0.01199492 0.01159908 0.01080690 0.01060914 0.01120615 0.01179707 0.01100678 
OP781308            0.00695479 0.00850803 0.00714922 0.00676137 0.00676133 0.00695487 0.00773285 0.00753872 0.00753872 0.00773454 0.00862610 0.01535530 0.00984784 0.00883315 0.00000000 0.00192543 0.00753522 0.00714955 0.00792501 0.00521059 0.00988462 0.00637289 0.00637288 0.00695526 0.00753648 0.00773131 0.00773060 0.00676057 0.00695526 0.00753648 0.00773056 0.00753648 0.00773056 0.00753652 0.00753648 0.00773197 0.00714854 0.00696605 0.00637298 0.00753743 0.00773187 0.00540418 0.00695536 0.00734341 0.00695605 0.00714923 0.00695530 0.00676052 0.00753576 0.00617913 0.00928762 0.00734396 0.00734432 0.00695533 0.00773088 0.00637286 0.00656848 0.00637292 0.00715262 0.00695585 0.00734364 0.00714960 0.00734329 0.01144543 0.00734329 0.00676057 0.00734424 0.00734395 0.00714938 0.00714930 0.00734424 0.00734424 0.00714938 0.00714938 0.00695533 0.00714938 0.00714995 0.00734333 0.00734424 0.00714926 0.00695533 0.00695533 0.00753738 0.00734333 0.00734423 0.00695536 0.00734333 0.00714926 0.00792558 0.00695562 0.00734371 0.00695534 0.00695565 0.00734371 0.00715052 0.00773470 0.00753769 0.00753776 0.00656679 0.00656672 0.00695689 0.00753731 0.00656750 
OP781309            0.00501565 0.00656491 0.00520946 0.00482257 0.00482254 0.00501570 0.00579124 0.00559760 0.00559760 0.00579251 0.00660939 0.01331321 0.00782545 0.00681463 0.00192543 0.00000000 0.00559473 0.00520942 0.00598313 0.00327583 0.00793439 0.00443531 0.00443531 0.00501598 0.00559595 0.00579009 0.00578957 0.00482200 0.00501598 0.00559595 0.00578954 0.00559595 0.00578953 0.00559598 0.00559595 0.00579059 0.00520899 0.00502375 0.00443536 0.00559665 0.00579054 0.00346891 0.00501606 0.00540285 0.00501655 0.00520946 0.00501601 0.00482199 0.00559544 0.00424202 0.00734209 0.00540354 0.00540353 0.00501603 0.00578950 0.00443527 0.00462987 0.00443532 0.00521166 0.00501640 0.00540299 0.00520946 0.00540302 0.00949126 0.00540302 0.00482200 0.00540372 0.00540350 0.00520957 0.00520951 0.00540372 0.00540372 0.00520957 0.00520957 0.00501603 0.00520957 0.00520998 0.00540308 0.00540372 0.00520949 0.00501603 0.00501603 0.00559665 0.00540308 0.00540371 0.00501606 0.00540308 0.00520949 0.00598384 0.00501598 0.00540305 0.00501604 0.00501600 0.00540305 0.00521013 0.00579232 0.00559655 0.00559660 0.00462868 0.00462863 0.00501715 0.00559656 0.00462918 
OP781310            0.00635302 0.00790034 0.00654667 0.00616029 0.00616026 0.00635309 0.00712795 0.00693456 0.00693456 0.00712951 0.01104485 0.01779844 0.01227232 0.01125388 0.00753522 0.00559473 0.00000000 0.00674047 0.00731919 0.00461528 0.01202172 0.00577339 0.00577338 0.00635345 0.00693252 0.00712654 0.00712589 0.00615957 0.00635345 0.00693252 0.00712585 0.00693252 0.00712585 0.00693255 0.00693252 0.00712714 0.00654608 0.00636327 0.00577345 0.00693338 0.00751617 0.00480812 0.00635354 0.00673978 0.00635416 0.00654668 0.00635348 0.00615956 0.00693189 0.00558035 0.00867681 0.00674064 0.00674062 0.00635351 0.00712581 0.00577334 0.00596805 0.00577339 0.00654943 0.00635398 0.00673996 0.00654668 0.00673999 0.01082494 0.00673999 0.00615957 0.00674086 0.00674059 0.00654681 0.00654674 0.00674086 0.00674086 0.00654681 0.00654681 0.00635351 0.00654681 0.00654733 0.00674006 0.00674086 0.00654671 0.00635351 0.00635351 0.00693338 0.00674006 0.00674085 0.00635354 0.00674006 0.00654671 0.00732006 0.00635344 0.00674002 0.00635352 0.00635348 0.00674002 0.00654751 0.00712931 0.00693326 0.00693333 0.00596652 0.00596646 0.00635493 0.00693327 0.00596716 
OP781311            0.00500282 0.00654811 0.00519613 0.00481023 0.00481020 0.00500287 0.00577642 0.00558328 0.00558328 0.00558283 0.01125317 0.01801290 0.01248186 0.01146251 0.00714955 0.00520942 0.00674047 0.00000000 0.00596782 0.00326746 0.01124498 0.00442397 0.00442396 0.00500315 0.00558163 0.00577528 0.00577476 0.00480967 0.00500315 0.00558163 0.00577473 0.00558163 0.00577472 0.00558166 0.00558163 0.00577577 0.00519566 0.00501088 0.00442401 0.00558233 0.00616395 0.00346005 0.00500322 0.00500218 0.00500371 0.00519614 0.00500317 0.00480966 0.00558113 0.00423117 0.00732329 0.00519512 0.00538970 0.00500320 0.00577469 0.00442393 0.00461802 0.00442397 0.00519832 0.00500357 0.00538917 0.00519614 0.00538919 0.00946690 0.00538919 0.00480967 0.00538989 0.00538968 0.00519624 0.00519619 0.00538989 0.00538989 0.00519624 0.00519624 0.00500320 0.00519624 0.00519665 0.00538925 0.00538989 0.00519616 0.00500320 0.00500320 0.00558233 0.00538925 0.00538988 0.00500322 0.00538925 0.00519616 0.00596853 0.00500315 0.00538922 0.00500320 0.00500317 0.00538922 0.00519680 0.00577752 0.00558223 0.00558228 0.00461684 0.00461680 0.00500432 0.00558224 0.00461734 
OP781312            0.00442041 0.00596337 0.00461340 0.00422807 0.00422805 0.00442046 0.00519272 0.00499986 0.00499986 0.00519385 0.01206096 0.01882871 0.01329154 0.01227095 0.00792501 0.00598313 0.00731919 0.00596782 0.00000000 0.00268773 0.01241495 0.00384243 0.00384243 0.00442071 0.00499839 0.00519169 0.00519122 0.00422758 0.00442071 0.00499839 0.00519120 0.00499839 0.00519119 0.00499842 0.00499839 0.00519213 0.00461296 0.00442753 0.00384249 0.00499901 0.00557953 0.00288004 0.00442077 0.00480603 0.00442120 0.00461341 0.00442073 0.00422755 0.00499794 0.00364994 0.00673726 0.00480661 0.00480660 0.00442075 0.00519116 0.00384242 0.00403607 0.00384246 0.00461534 0.00442108 0.00480615 0.00461341 0.00480617 0.00887682 0.00480617 0.00422758 0.00480679 0.00480660 0.00461350 0.00461345 0.00480679 0.00480679 0.00461350 0.00461350 0.00442075 0.00461350 0.00461387 0.00480620 0.00480679 0.00461343 0.00442075 0.00442075 0.00499899 0.00480620 0.00480679 0.00442077 0.00480620 0.00461343 0.00538465 0.00442071 0.00480620 0.00442076 0.00442073 0.00480620 0.00461399 0.00519371 0.00499893 0.00499897 0.00403503 0.00403500 0.00442174 0.00499893 0.00403547 
OP781313            0.00172698 0.00326505 0.00191920 0.00153504 0.00153503 0.00172700 0.00249623 0.00230397 0.00230397 0.00249677 0.00923143 0.01596756 0.01045475 0.00943900 0.00521059 0.00327583 0.00461528 0.00326746 0.00268773 0.00000000 0.00968365 0.00115091 0.00115091 0.00172710 0.00230329 0.00249574 0.00249551 0.00153486 0.00172710 0.00230329 0.00249550 0.00230329 0.00249550 0.00230330 0.00230329 0.00249595 0.00191903 0.00172976 0.00115092 0.00230358 0.00288140 0.00019157 0.00172712 0.00211130 0.00172729 0.00191920 0.00172711 0.00153486 0.00230309 0.00095899 0.00403594 0.00211156 0.00211156 0.00172712 0.00249549 0.00115090 0.00134322 0.00115091 0.00192001 0.00172724 0.00211135 0.00191920 0.00211136 0.00616537 0.00211136 0.00153486 0.00211163 0.00211155 0.00191924 0.00191922 0.00211163 0.00211163 0.00191924 0.00191924 0.00172712 0.00191924 0.00191939 0.00211139 0.00211163 0.00191921 0.00172712 0.00172712 0.00230358 0.00211139 0.00211163 0.00172712 0.00211139 0.00191921 0.00268805 0.00172710 0.00211137 0.00172712 0.00172711 0.00211137 0.00191945 0.00249670 0.00230354 0.00230356 0.00134288 0.00134287 0.00172750 0.00230354 0.00134302 
OQ434234            0.01133324 0.01288170 0.01152733 0.01114078 0.01114071 0.01133336 0.01210985 0.01191636 0.01191636 0.01230607 0.01416403 0.02089609 0.01559065 0.01437397 0.00988462 0.00793439 0.01202172 0.01124498 0.01241495 0.00968365 0.00000000 0.01075311 0.01075310 0.01133401 0.01191284 0.01210744 0.01210628 0.01113946 0.01133401 0.01191284 0.01210628 0.01191284 0.01210627 0.01191290 0.01191284 0.01210842 0.01152622 0.01135148 0.01075322 0.01191433 0.03773257 0.00978684 0.01172089 0.01191383 0.01133529 0.01191413 0.01133406 0.01113944 0.01191181 0.01055997 0.01385350 0.01191534 0.01191531 0.01133412 0.01249326 0.01075302 0.01094919 0.01075312 0.01191915 0.01172171 0.01210760 0.01191413 0.01210765 0.01758590 0.01210765 0.01113946 0.01172230 0.01172184 0.01152758 0.01152745 0.01172230 0.01172230 0.01152758 0.01152758 0.01133412 0.01152763 0.01152850 0.01172091 0.01172230 0.01152739 0.01133412 0.01133412 0.01191432 0.01172091 0.01172228 0.01133418 0.01172091 0.01152739 0.01230115 0.01133400 0.01191426 0.01152746 0.01152739 0.01172084 0.01172321 0.01211212 0.01210757 0.01191424 0.01094637 0.01094626 0.01133671 0.01191414 0.01114176 
China_ASFV-SY18     0.00093821 0.00394798 0.00112605 0.00075009 0.00075005 0.00093823 0.00168991 0.00150198 0.00150198 0.00187827 0.01040533 0.01720431 0.01160417 0.01060923 0.00637289 0.00443531 0.00577339 0.00442397 0.00384243 0.00115091 0.01075311 0.00000000 0.00000053 0.00093827 0.00150155 0.00168958 0.00168943 0.00074996 0.00093827 0.00150155 0.00168942 0.00150155 0.00168942 0.00150156 0.00150155 0.00168972 0.00112594 0.00093969 0.00037491 0.00150173 0.02804981 0.00093829 0.00131387 0.00300650 0.00093837 0.00150170 0.00093827 0.00037490 0.00300585 0.00018743 0.00489157 0.00112614 0.00112620 0.00093828 0.00357105 0.00037491 0.00056256 0.00037491 0.00150239 0.00131396 0.00168968 0.00150178 0.00168960 0.00698401 0.00168960 0.00074996 0.00131402 0.00131397 0.00112606 0.00112605 0.00131402 0.00131402 0.00112607 0.00112606 0.00093828 0.00112607 0.00112615 0.00131387 0.00131402 0.00112604 0.00093828 0.00093828 0.00150172 0.00131387 0.00131402 0.00093828 0.00131387 0.00112604 0.00187754 0.00112622 0.00150179 0.00112605 0.00112610 0.00131393 0.00131419 0.00169029 0.00168967 0.00150179 0.00056242 0.00056242 0.00093849 0.00150170 0.00075011 
China_HLJ-2018      0.00093821 0.00394795 0.00112604 0.00075008 0.00075004 0.00093822 0.00168990 0.00150197 0.00150197 0.00187826 0.01040526 0.01720420 0.01160409 0.01060916 0.00637288 0.00443531 0.00577338 0.00442396 0.00384243 0.00115091 0.01075310 0.00000053 0.00000000 0.00093826 0.00150154 0.00168957 0.00168942 0.00074996 0.00093826 0.00150154 0.00168941 0.00150154 0.00168941 0.00150155 0.00150154 0.00168971 0.00112593 0.00093968 0.00037491 0.00150172 0.02804962 0.00093828 0.00131386 0.00300648 0.00093836 0.00150169 0.00093827 0.00037490 0.00300583 0.00018743 0.00489154 0.00112613 0.00112619 0.00093828 0.00357103 0.00037490 0.00056256 0.00037491 0.00150238 0.00131395 0.00168967 0.00150177 0.00168959 0.00698397 0.00168959 0.00074996 0.00131401 0.00131396 0.00112606 0.00112604 0.00131401 0.00131401 0.00112606 0.00112606 0.00093827 0.00112606 0.00112615 0.00131386 0.00131401 0.00112604 0.00093828 0.00093828 0.00150171 0.00131386 0.00131401 0.00093828 0.00131386 0.00112604 0.00187753 0.00112621 0.00150178 0.00112604 0.00112609 0.00131392 0.00131418 0.00169028 0.00168966 0.00150178 0.00056242 0.00056241 0.00093848 0.00150169 0.00075011 
OR460730            0.00150176 0.00451386 0.00168976 0.00131405 0.00131399 0.00150178 0.00225414 0.00206608 0.00206608 0.00225437 0.01060275 0.01740388 0.01180207 0.01080682 0.00695526 0.00501598 0.00635345 0.00500315 0.00442071 0.00172710 0.01133401 0.00093827 0.00093826 0.00000000 0.00206549 0.00225370 0.00225351 0.00018745 0.00000053 0.00206549 0.00225349 0.00206549 0.00225349 0.00206550 0.00206549 0.00112624 0.00037495 0.00037555 0.00093827 0.00056242 0.02863852 0.00150189 0.00187773 0.00357171 0.00112603 0.00206569 0.00150186 0.00131384 0.00357094 0.00075004 0.00545827 0.00206590 0.00206600 0.00150187 0.00413663 0.00093826 0.00112632 0.00093826 0.00206664 0.00187786 0.00225384 0.00206580 0.00225373 0.00717268 0.00225373 0.00018745 0.00187795 0.00187788 0.00168979 0.00168977 0.00187795 0.00187795 0.00168980 0.00168979 0.00150186 0.00168980 0.00168992 0.00187774 0.00187795 0.00168976 0.00150187 0.00150187 0.00206572 0.00187774 0.00187795 0.00131386 0.00187774 0.00168976 0.00206526 0.00169003 0.00187761 0.00150170 0.00150177 0.00168968 0.00187819 0.00225466 0.00225383 0.00187761 0.00112604 0.00112603 0.00150220 0.00206569 0.00131410 
OR460731            0.00206535 0.00507913 0.00225349 0.00187761 0.00187752 0.00206537 0.00281826 0.00263011 0.00263011 0.00300710 0.01139304 0.01820287 0.01239619 0.01159777 0.00753648 0.00559595 0.00693252 0.00558163 0.00499839 0.00230329 0.01191284 0.00150155 0.00150154 0.00206549 0.00000000 0.00018745 0.00018743 0.00187731 0.00206549 0.00000053 0.00018743 0.00000053 0.00018743 0.00000053 0.00000053 0.00281795 0.00225328 0.00206859 0.00150156 0.00262967 0.02922127 0.00206551 0.00244156 0.00413651 0.00206570 0.00262961 0.00206548 0.00187731 0.00413562 0.00131371 0.00602414 0.00262989 0.00263001 0.00206549 0.00470165 0.00150152 0.00168984 0.00150154 0.00263082 0.00244173 0.00281788 0.00262975 0.00281775 0.00812168 0.00281775 0.00187731 0.00244185 0.00244175 0.00225353 0.00225350 0.00244185 0.00244185 0.00225353 0.00225353 0.00206549 0.00225354 0.00225370 0.00244157 0.00244185 0.00225349 0.00206549 0.00206549 0.00262965 0.00244157 0.00244184 0.00206550 0.00244157 0.00225349 0.00037494 0.00225384 0.00262977 0.00225350 0.00225360 0.00244168 0.00244215 0.00281891 0.00281788 0.00262977 0.00168942 0.00168940 0.00206595 0.00262963 0.00187768 
OR460732            0.00225356 0.00526830 0.00244177 0.00206579 0.00206568 0.00225358 0.00300674 0.00281853 0.00281853 0.00319568 0.01159189 0.01840460 0.01259558 0.01179680 0.00773131 0.00579009 0.00712654 0.00577528 0.00519169 0.00249574 0.01210744 0.00168958 0.00168957 0.00225370 0.00018745 0.00000000 0.00037494 0.00206545 0.00225370 0.00018745 0.00037493 0.00018745 0.00037493 0.00018745 0.00018745 0.00300641 0.00244154 0.00225709 0.00168959 0.00281806 0.02941958 0.00225373 0.00262990 0.00432539 0.00225394 0.00281800 0.00225370 0.00206545 0.00432446 0.00150168 0.00621363 0.00281829 0.00281843 0.00225371 0.00489069 0.00168955 0.00187797 0.00168956 0.00281930 0.00263007 0.00300634 0.00281814 0.00300620 0.00831222 0.00300620 0.00206545 0.00263020 0.00263010 0.00244180 0.00244178 0.00263020 0.00263020 0.00244180 0.00244180 0.00225371 0.00244182 0.00244199 0.00262990 0.00263020 0.00244177 0.00225371 0.00225371 0.00281805 0.00262990 0.00263020 0.00225372 0.00262990 0.00244177 0.00056252 0.00244215 0.00281817 0.00244178 0.00244189 0.00263002 0.00263053 0.00300744 0.00300633 0.00281817 0.00187750 0.00187748 0.00225421 0.00281802 0.00206585 
OR460733            0.00225336 0.00526783 0.00244155 0.00206560 0.00206550 0.00225338 0.00300648 0.00281828 0.00281828 0.00319540 0.01159081 0.01840286 0.01259440 0.01179570 0.00773060 0.00578957 0.00712589 0.00577476 0.00519122 0.00249551 0.01210628 0.00168943 0.00168942 0.00225351 0.00018743 0.00037494 0.00000000 0.00206527 0.00225351 0.00018743 0.00000053 0.00018743 0.00037490 0.00018743 0.00018743 0.00300615 0.00244132 0.00225689 0.00168944 0.00281781 0.02941684 0.00225354 0.00262967 0.00432501 0.00225374 0.00281775 0.00225350 0.00206527 0.00432408 0.00150155 0.00621309 0.00281805 0.00281818 0.00225352 0.00489026 0.00168940 0.00187780 0.00168942 0.00281905 0.00262984 0.00300608 0.00281790 0.00300593 0.00831148 0.00300593 0.00206527 0.00262997 0.00262987 0.00244159 0.00244156 0.00262997 0.00262997 0.00244159 0.00244159 0.00225352 0.00244160 0.00244178 0.00262967 0.00262997 0.00244155 0.00225352 0.00225352 0.00281780 0.00262967 0.00262997 0.00225353 0.00262967 0.00244155 0.00018745 0.00244193 0.00281793 0.00244157 0.00244167 0.00262979 0.00263030 0.00300717 0.00300607 0.00281792 0.00187734 0.00187732 0.00225402 0.00281777 0.00206567 
OR460734            0.00131376 0.00432486 0.00150169 0.00112609 0.00112603 0.00131378 0.00206585 0.00187785 0.00187785 0.00225437 0.01060275 0.01740388 0.01180207 0.01080682 0.00676057 0.00482200 0.00615957 0.00480967 0.00422758 0.00153486 0.01113946 0.00074996 0.00074996 0.00018745 0.00187731 0.00206545 0.00206527 0.00000000 0.00018745 0.00187731 0.00206526 0.00187731 0.00206526 0.00187732 0.00187731 0.00093833 0.00018744 0.00018774 0.00074997 0.00075005 0.02843997 0.00131387 0.00168960 0.00338300 0.00131398 0.00187750 0.00131384 0.00112590 0.00338227 0.00056241 0.00526892 0.00187768 0.00187778 0.00131386 0.00394775 0.00074996 0.00093840 0.00074996 0.00187836 0.00168971 0.00206557 0.00187759 0.00206548 0.00736304 0.00206548 0.00000053 0.00168979 0.00168973 0.00150171 0.00150170 0.00168979 0.00168979 0.00150172 0.00150171 0.00131385 0.00150172 0.00150183 0.00168960 0.00168979 0.00150169 0.00131386 0.00131386 0.00187753 0.00168960 0.00168979 0.00131386 0.00168960 0.00150169 0.00225349 0.00150193 0.00187761 0.00150170 0.00150177 0.00168968 0.00169001 0.00206633 0.00206557 0.00187761 0.00093817 0.00093815 0.00131414 0.00187750 0.00112613 
OR460735            0.00150176 0.00451386 0.00168976 0.00131405 0.00131399 0.00150178 0.00225414 0.00206608 0.00206608 0.00225437 0.01060275 0.01740388 0.01180207 0.01080682 0.00695526 0.00501598 0.00635345 0.00500315 0.00442071 0.00172710 0.01133401 0.00093827 0.00093826 0.00000053 0.00206549 0.00225370 0.00225351 0.00018745 0.00000000 0.00206549 0.00225349 0.00206549 0.00225349 0.00206550 0.00206549 0.00112624 0.00037495 0.00037555 0.00093827 0.00056242 0.02863852 0.00150189 0.00187773 0.00357171 0.00112603 0.00206569 0.00150186 0.00131384 0.00357094 0.00075004 0.00545827 0.00206590 0.00206600 0.00150187 0.00413663 0.00093826 0.00112632 0.00093826 0.00206664 0.00187786 0.00225384 0.00206580 0.00225373 0.00717268 0.00225373 0.00018745 0.00187795 0.00187788 0.00168979 0.00168977 0.00187795 0.00187795 0.00168980 0.00168979 0.00150186 0.00168980 0.00168992 0.00187774 0.00187795 0.00168976 0.00150187 0.00150187 0.00206572 0.00187774 0.00187795 0.00131386 0.00187774 0.00168976 0.00206526 0.00169003 0.00187761 0.00150170 0.00150177 0.00168968 0.00187819 0.00225466 0.00225383 0.00187761 0.00112604 0.00112603 0.00150220 0.00206569 0.00131410 
OR460736            0.00206535 0.00507913 0.00225349 0.00187761 0.00187752 0.00206537 0.00281826 0.00263011 0.00263011 0.00300710 0.01139304 0.01820287 0.01239619 0.01159777 0.00753648 0.00559595 0.00693252 0.00558163 0.00499839 0.00230329 0.01191284 0.00150155 0.00150154 0.00206549 0.00000053 0.00018745 0.00018743 0.00187731 0.00206549 0.00000000 0.00018743 0.00000053 0.00018743 0.00000053 0.00000053 0.00281795 0.00225328 0.00206859 0.00150156 0.00262967 0.02922127 0.00206551 0.00244156 0.00413651 0.00206570 0.00262961 0.00206548 0.00187731 0.00413562 0.00131371 0.00602414 0.00262989 0.00263001 0.00206549 0.00470165 0.00150152 0.00168984 0.00150154 0.00263082 0.00244173 0.00281788 0.00262975 0.00281775 0.00812168 0.00281775 0.00187731 0.00244185 0.00244175 0.00225353 0.00225350 0.00244185 0.00244185 0.00225353 0.00225353 0.00206549 0.00225354 0.00225370 0.00244157 0.00244185 0.00225349 0.00206549 0.00206549 0.00262965 0.00244157 0.00244184 0.00206550 0.00244157 0.00225349 0.00037494 0.00225384 0.00262977 0.00225350 0.00225360 0.00244168 0.00244215 0.00281891 0.00281788 0.00262977 0.00168942 0.00168940 0.00206595 0.00262963 0.00187768 
OR460737            0.00225335 0.00526780 0.00244154 0.00206559 0.00206549 0.00225337 0.00300647 0.00281827 0.00281827 0.00319538 0.01159075 0.01840277 0.01259434 0.01179564 0.00773056 0.00578954 0.00712585 0.00577473 0.00519120 0.00249550 0.01210628 0.00168942 0.00168941 0.00225349 0.00018743 0.00037493 0.00000053 0.00206526 0.00225349 0.00018743 0.00000000 0.00018743 0.00037490 0.00018743 0.00018743 0.00300613 0.00244131 0.00225688 0.00168943 0.00281780 0.02941669 0.00225353 0.00262965 0.00432498 0.00225373 0.00281774 0.00225349 0.00206526 0.00432406 0.00150154 0.00621305 0.00281803 0.00281817 0.00225350 0.00489023 0.00168939 0.00187780 0.00168941 0.00281904 0.00262983 0.00300606 0.00281788 0.00300592 0.00831144 0.00300592 0.00206526 0.00262996 0.00262986 0.00244158 0.00244155 0.00262996 0.00262996 0.00244158 0.00244158 0.00225350 0.00244159 0.00244177 0.00262966 0.00262996 0.00244154 0.00225350 0.00225350 0.00281778 0.00262966 0.00262995 0.00225352 0.00262966 0.00244154 0.00018745 0.00244192 0.00281791 0.00244155 0.00244166 0.00262978 0.00263029 0.00300716 0.00300605 0.00281791 0.00187733 0.00187731 0.00225401 0.00281775 0.00206566 
OR460738            0.00206535 0.00507913 0.00225349 0.00187761 0.00187752 0.00206537 0.00281826 0.00263011 0.00263011 0.00300710 0.01139304 0.01820287 0.01239619 0.01159777 0.00753648 0.00559595 0.00693252 0.00558163 0.00499839 0.00230329 0.01191284 0.00150155 0.00150154 0.00206549 0.00000053 0.00018745 0.00018743 0.00187731 0.00206549 0.00000053 0.00018743 0.00000000 0.00018743 0.00000053 0.00000053 0.00281795 0.00225328 0.00206859 0.00150156 0.00262967 0.02922127 0.00206551 0.00244156 0.00413651 0.00206570 0.00262961 0.00206548 0.00187731 0.00413562 0.00131371 0.00602414 0.00262989 0.00263001 0.00206549 0.00470165 0.00150152 0.00168984 0.00150154 0.00263082 0.00244173 0.00281788 0.00262975 0.00281775 0.00812168 0.00281775 0.00187731 0.00244185 0.00244175 0.00225353 0.00225350 0.00244185 0.00244185 0.00225353 0.00225353 0.00206549 0.00225354 0.00225370 0.00244157 0.00244185 0.00225349 0.00206549 0.00206549 0.00262965 0.00244157 0.00244184 0.00206550 0.00244157 0.00225349 0.00037494 0.00225384 0.00262977 0.00225350 0.00225360 0.00244168 0.00244215 0.00281891 0.00281788 0.00262977 0.00168942 0.00168940 0.00206595 0.00262963 0.00187768 
OR460739            0.00225335 0.00526780 0.00244154 0.00206559 0.00206549 0.00225337 0.00300646 0.00281826 0.00281826 0.00319538 0.01159074 0.01840275 0.01259433 0.01179563 0.00773056 0.00578953 0.00712585 0.00577472 0.00519119 0.00249550 0.01210627 0.00168942 0.00168941 0.00225349 0.00018743 0.00037493 0.00037490 0.00206526 0.00225349 0.00018743 0.00037490 0.00018743 0.00000000 0.00018743 0.00018743 0.00300613 0.00244131 0.00225688 0.00168943 0.00281780 0.02941666 0.00225352 0.00262965 0.00432498 0.00225373 0.00281774 0.00225349 0.00206526 0.00432405 0.00150154 0.00621305 0.00281803 0.00281817 0.00225350 0.00489023 0.00168939 0.00187779 0.00168941 0.00281903 0.00262983 0.00300606 0.00281788 0.00300592 0.00831143 0.00300592 0.00206526 0.00262996 0.00262986 0.00244158 0.00244155 0.00262996 0.00262996 0.00244158 0.00244158 0.00225350 0.00244159 0.00244176 0.00262965 0.00262996 0.00244154 0.00225350 0.00225350 0.00281778 0.00262965 0.00262995 0.00225351 0.00262965 0.00244154 0.00056247 0.00244192 0.00281791 0.00244155 0.00244166 0.00262977 0.00263029 0.00300716 0.00300605 0.00281790 0.00187733 0.00187731 0.00225400 0.00281775 0.00206566 
OR460740            0.00206536 0.00507916 0.00225350 0.00187762 0.00187753 0.00206538 0.00281828 0.00263012 0.00263012 0.00300712 0.01139310 0.01820297 0.01239625 0.01159783 0.00753652 0.00559598 0.00693255 0.00558166 0.00499842 0.00230330 0.01191290 0.00150156 0.00150155 0.00206550 0.00000053 0.00018745 0.00018743 0.00187732 0.00206550 0.00000053 0.00018743 0.00000053 0.00018743 0.00000000 0.00000053 0.00281797 0.00225329 0.00206860 0.00150157 0.00262968 0.02922142 0.00206552 0.00244158 0.00413653 0.00206571 0.00262963 0.00206550 0.00187732 0.00413564 0.00131371 0.00602418 0.00262990 0.00263003 0.00206550 0.00470167 0.00150153 0.00168985 0.00150155 0.00263084 0.00244174 0.00281790 0.00262976 0.00281777 0.00812172 0.00281777 0.00187732 0.00244186 0.00244177 0.00225354 0.00225351 0.00244186 0.00244186 0.00225354 0.00225354 0.00206550 0.00225355 0.00225371 0.00244158 0.00244186 0.00225350 0.00206550 0.00206550 0.00262967 0.00244158 0.00244186 0.00206552 0.00244158 0.00225350 0.00037494 0.00225385 0.00262979 0.00225352 0.00225362 0.00244169 0.00244217 0.00281893 0.00281789 0.00262978 0.00168943 0.00168941 0.00206596 0.00262964 0.00187769 
