104
LTU_2018_00696S3    0.00000000 0.00204227 0.00108050 0.00084031 0.00084026 0.00023966 0.00132099 0.00120082 0.00120082 0.00132100 0.00693988 0.55716761 0.00985989 0.00599015 0.00715129 0.00358052 0.00229923 0.00308154 0.00258825 0.00221668 0.00098448 0.00539865 0.00060008 0.00060007 0.00084027 0.00120055 0.00132078 0.00132071 0.00072013 0.00084027 0.00120055 0.00132070 0.00120055 0.00132070 0.00120056 0.00120055 0.00132090 0.00084023 0.00084147 0.00048003 0.00108051 0.00139230 0.00084021 0.00120063 0.00168126 0.00096044 0.00120063 0.00096037 0.00084021 0.00144087 0.00048002 0.00324620 0.00120055 0.00132084 0.00096038 0.00180158 0.00060007 0.00072028 0.00060007 0.00132114 0.00120070 0.00108049 0.00108049 0.00120063 0.00457887 0.00120063 0.00072013 0.00120072 0.00120072 0.00108050 0.00096037 0.00120072 0.00120072 0.00108050 0.00108050 0.00096037 0.00108050 0.00108057 0.00120064 0.00120072 0.00108049 0.00096038 0.00096038 0.00132080 0.00120064 0.00120072 0.00096038 0.00120064 0.00108049 0.00144096 0.00108057 0.00120064 0.00108050 0.00108050 0.00108050 0.00120081 0.00144136 0.00132078 0.00132081 0.00072013 0.00072012 0.00084037 0.00120063 0.00072023 
LTU_2019_0332G2S1   0.00204227 0.00000000 0.00216260 0.00192214 0.00192204 0.00204227 0.00240360 0.00228325 0.00228325 0.00240361 0.00755616 0.56280750 0.01024244 0.00738142 0.00776831 0.00409369 0.00281132 0.00345241 0.00295894 0.00258695 0.00135409 0.00576860 0.00168146 0.00168145 0.00192205 0.00228274 0.00240321 0.00240306 0.00180167 0.00192205 0.00228274 0.00240305 0.00228274 0.00240304 0.00228275 0.00228274 0.00240341 0.00192194 0.00192478 0.00156125 0.00216264 0.00240655 0.00120068 0.00228291 0.00204216 0.00204245 0.00228289 0.00204230 0.00192191 0.00084030 0.00156123 0.00288523 0.00228273 0.00240330 0.00204231 0.00120076 0.00168143 0.00180205 0.00168144 0.00240387 0.00228303 0.00216258 0.00216258 0.00228289 0.00566755 0.00228289 0.00180167 0.00228308 0.00228306 0.00216261 0.00204231 0.00228308 0.00228308 0.00216261 0.00216261 0.00204231 0.00216262 0.00216274 0.00228291 0.00228308 0.00216259 0.00204231 0.00204231 0.00240324 0.00228291 0.00228308 0.00204232 0.00228291 0.00216259 0.00252356 0.00216275 0.00228292 0.00216262 0.00216260 0.00216262 0.00228325 0.00252426 0.00240320 0.00240326 0.00180167 0.00180165 0.00192229 0.00228291 0.00180192 
LTU_2019_00598P1G1  0.00108050 0.00216260 0.00000000 0.00023966 0.00023965 0.00108051 0.00023968 0.00011983 0.00011983 0.00023968 0.00714509 0.55716761 0.00998729 0.00552670 0.00735674 0.00358062 0.00229929 0.00320511 0.00271176 0.00234006 0.00110765 0.00552188 0.00072016 0.00072016 0.00096040 0.00132073 0.00144099 0.00144090 0.00084023 0.00096040 0.00132073 0.00144090 0.00132073 0.00144089 0.00132074 0.00132073 0.00144112 0.00096036 0.00096177 0.00060009 0.00120068 0.00151902 0.00096033 0.00060004 0.00180152 0.00035952 0.00060004 0.00035949 0.00096034 0.00156109 0.00060008 0.00336675 0.00132072 0.00144105 0.00035950 0.00192186 0.00072015 0.00084041 0.00072015 0.00072029 0.00060007 0.00047999 0.00047999 0.00060004 0.00397455 0.00060004 0.00084023 0.00060009 0.00060008 0.00048000 0.00035950 0.00060009 0.00060009 0.00048000 0.00048000 0.00035950 0.00048000 0.00048003 0.00060005 0.00060009 0.00048000 0.00035950 0.00035950 0.00072011 0.00060005 0.00060009 0.00035950 0.00060005 0.00048000 0.00156119 0.00023966 0.00035950 0.00023965 0.00023965 0.00023965 0.00035955 0.00060020 0.00047999 0.00048000 0.00084023 0.00084022 0.00096052 0.00060004 0.00084035 
LTU_2019_01881G2S1  0.00084031 0.00192214 0.00023966 0.00000000 0.00000053 0.00084032 0.00048010 0.00035957 0.00035957 0.00048010 0.00694071 0.55772787 0.00973350 0.00552781 0.00715214 0.00332435 0.00204350 0.00295812 0.00246487 0.00209342 0.00086138 0.00527569 0.00048006 0.00048006 0.00072023 0.00108050 0.00120072 0.00120064 0.00060011 0.00072023 0.00108050 0.00120064 0.00108050 0.00120063 0.00108050 0.00108050 0.00120082 0.00072020 0.00072126 0.00035955 0.00096046 0.00126573 0.00072018 0.00035951 0.00156118 0.00011983 0.00035951 0.00011982 0.00072018 0.00132080 0.00035954 0.00312598 0.00108049 0.00120076 0.00011982 0.00168148 0.00048005 0.00060024 0.00048006 0.00048015 0.00035953 0.00023966 0.00023966 0.00035951 0.00373332 0.00035951 0.00060011 0.00035954 0.00035954 0.00023966 0.00011982 0.00035954 0.00035954 0.00023966 0.00023966 0.00011982 0.00023966 0.00023968 0.00035952 0.00035954 0.00023966 0.00011982 0.00011982 0.00048003 0.00035952 0.00035954 0.00011982 0.00035952 0.00023966 0.00132089 0.00023968 0.00035952 0.00023966 0.00023966 0.00023966 0.00035957 0.00060023 0.00048002 0.00048003 0.00060011 0.00060010 0.00072032 0.00035951 0.00060019 
LTU_2019_07885G2S1  0.00084026 0.00192204 0.00023965 0.00000053 0.00000000 0.00084027 0.00048007 0.00035955 0.00035955 0.00048007 0.00694010 0.55716761 0.00973297 0.00552670 0.00715151 0.00332435 0.00204350 0.00295812 0.00246487 0.00209342 0.00086138 0.00527569 0.00048004 0.00048003 0.00072020 0.00108044 0.00120065 0.00120058 0.00060008 0.00072020 0.00108044 0.00120057 0.00108044 0.00120057 0.00108045 0.00108044 0.00120076 0.00072016 0.00072122 0.00035953 0.00096041 0.00126566 0.00072014 0.00035950 0.00156109 0.00011982 0.00035949 0.00011981 0.00072015 0.00132073 0.00035952 0.00312582 0.00108044 0.00120070 0.00011982 0.00168139 0.00048003 0.00060020 0.00048003 0.00048013 0.00035952 0.00023965 0.00023965 0.00035949 0.00373312 0.00035949 0.00060008 0.00035952 0.00035952 0.00023965 0.00011982 0.00035952 0.00035952 0.00023965 0.00023965 0.00011982 0.00023965 0.00023966 0.00035950 0.00035952 0.00023965 0.00011982 0.00011982 0.00048000 0.00035950 0.00035952 0.00011982 0.00035950 0.00023965 0.00132082 0.00023966 0.00035950 0.00023965 0.00023965 0.00023965 0.00035955 0.00060020 0.00047999 0.00048000 0.00060008 0.00060007 0.00072028 0.00035950 0.00060016 
LTU_2019_08805G2S1  0.00023966 0.00204227 0.00108051 0.00084032 0.00084027 0.00000000 0.00132101 0.00120083 0.00120083 0.00132101 0.00693993 0.55716761 0.00985993 0.00599015 0.00715134 0.00358054 0.00229924 0.00308155 0.00258826 0.00221669 0.00098449 0.00539868 0.00060008 0.00060008 0.00084028 0.00120056 0.00132079 0.00132071 0.00072014 0.00084028 0.00120056 0.00132070 0.00120056 0.00132070 0.00120056 0.00120056 0.00132090 0.00084024 0.00084147 0.00048003 0.00108052 0.00139230 0.00084021 0.00120065 0.00168127 0.00096045 0.00120064 0.00096038 0.00084022 0.00144088 0.00048003 0.00324622 0.00120056 0.00132085 0.00096038 0.00180159 0.00060007 0.00072029 0.00060007 0.00132116 0.00120071 0.00108050 0.00108050 0.00120064 0.00457891 0.00120064 0.00072014 0.00120074 0.00120073 0.00108051 0.00096038 0.00120074 0.00120074 0.00108051 0.00108051 0.00096038 0.00108051 0.00108057 0.00120065 0.00120074 0.00108050 0.00096038 0.00096038 0.00132081 0.00120065 0.00120073 0.00096039 0.00120065 0.00108050 0.00144097 0.00108058 0.00120065 0.00108051 0.00108051 0.00108051 0.00120083 0.00144137 0.00132079 0.00132082 0.00072014 0.00072013 0.00084038 0.00120065 0.00072024 
LTU_2019_09074GSV1  0.00132099 0.00240360 0.00023968 0.00048010 0.00048007 0.00132101 0.00000000 0.00011982 0.00011982 0.00023965 0.00735201 0.55716761 0.01011608 0.00599236 0.00756395 0.00383758 0.00255557 0.00345270 0.00295918 0.00258716 0.00135420 0.00576903 0.00096050 0.00096049 0.00120085 0.00156132 0.00168165 0.00168155 0.00108061 0.00120085 0.00156132 0.00168154 0.00156132 0.00168154 0.00156133 0.00156132 0.00156155 0.00108064 0.00120256 0.00072027 0.00132104 0.00177274 0.00120077 0.00084030 0.00204233 0.00060017 0.00084030 0.00060013 0.00120077 0.00180179 0.00084036 0.00360829 0.00156132 0.00168172 0.00060014 0.00216273 0.00096048 0.00108084 0.00096048 0.00096067 0.00084035 0.00072020 0.00072020 0.00084030 0.00421667 0.00084030 0.00108061 0.00084037 0.00084036 0.00072021 0.00060013 0.00084037 0.00084037 0.00072022 0.00072021 0.00060013 0.00072022 0.00072026 0.00084031 0.00084037 0.00072021 0.00060014 0.00060014 0.00096042 0.00084031 0.00084037 0.00060014 0.00084031 0.00072021 0.00180190 0.00048011 0.00060013 0.00048008 0.00048007 0.00048008 0.00060022 0.00084053 0.00072020 0.00072022 0.00108062 0.00108060 0.00120100 0.00084030 0.00108077 
LTU_2019_09074GSV11 0.00120082 0.00228325 0.00011983 0.00035957 0.00035955 0.00120083 0.00011982 0.00000000 0.00000053 0.00011982 0.00735201 0.55716761 0.01011608 0.00599236 0.00756395 0.00370938 0.00242760 0.00332914 0.00283567 0.00246378 0.00123100 0.00564587 0.00084037 0.00084037 0.00108069 0.00144112 0.00156142 0.00156133 0.00096048 0.00108069 0.00144112 0.00156132 0.00144112 0.00156131 0.00144113 0.00144112 0.00156155 0.00108064 0.00108223 0.00072027 0.00132104 0.00164599 0.00108061 0.00072021 0.00192205 0.00048010 0.00072020 0.00048007 0.00108062 0.00168155 0.00072026 0.00348777 0.00144111 0.00156148 0.00048007 0.00204243 0.00084036 0.00096068 0.00084036 0.00084053 0.00072025 0.00060013 0.00060013 0.00072020 0.00409590 0.00072020 0.00096048 0.00072026 0.00072026 0.00060013 0.00048007 0.00072026 0.00072026 0.00060014 0.00060013 0.00048007 0.00060014 0.00060017 0.00072021 0.00072026 0.00060013 0.00048007 0.00048007 0.00084031 0.00072021 0.00072026 0.00048007 0.00072021 0.00060013 0.00168166 0.00035958 0.00048007 0.00035955 0.00035955 0.00035955 0.00048014 0.00072040 0.00060012 0.00060014 0.00096048 0.00096047 0.00108082 0.00072021 0.00096061 
LTU_2019_09335GS2   0.00120082 0.00228325 0.00011983 0.00035957 0.00035955 0.00120083 0.00011982 0.00000053 0.00000000 0.00011982 0.00735201 0.55716761 0.01011608 0.00599236 0.00756395 0.00370938 0.00242760 0.00332914 0.00283567 0.00246378 0.00123100 0.00564587 0.00084037 0.00084037 0.00108069 0.00144112 0.00156142 0.00156133 0.00096048 0.00108069 0.00144112 0.00156132 0.00144112 0.00156131 0.00144113 0.00144112 0.00156155 0.00108064 0.00108223 0.00072027 0.00132104 0.00164599 0.00108061 0.00072021 0.00192205 0.00048010 0.00072020 0.00048007 0.00108062 0.00168155 0.00072026 0.00348777 0.00144111 0.00156148 0.00048007 0.00204243 0.00084036 0.00096068 0.00084036 0.00084053 0.00072025 0.00060013 0.00060013 0.00072020 0.00409590 0.00072020 0.00096048 0.00072026 0.00072026 0.00060013 0.00048007 0.00072026 0.00072026 0.00060014 0.00060013 0.00048007 0.00060014 0.00060017 0.00072021 0.00072026 0.00060013 0.00048007 0.00048007 0.00084031 0.00072021 0.00072026 0.00048007 0.00072021 0.00060013 0.00168166 0.00035958 0.00048007 0.00035955 0.00035955 0.00035955 0.00048014 0.00072040 0.00060012 0.00060014 0.00096048 0.00096047 0.00108082 0.00072021 0.00096061 
LTU_2019_09790P1G1  0.00132100 0.00240361 0.00023968 0.00048010 0.00048007 0.00132101 0.00023965 0.00011982 0.00011982 0.00000000 0.00755716 0.55997191 0.01024331 0.00645510 0.00776933 0.00370940 0.00242762 0.00332916 0.00283568 0.00246379 0.00123101 0.00576907 0.00096050 0.00096049 0.00108062 0.00156133 0.00168166 0.00168156 0.00108062 0.00108062 0.00156133 0.00168155 0.00156133 0.00168155 0.00156134 0.00156133 0.00168180 0.00120080 0.00120257 0.00084038 0.00132096 0.00177275 0.00120077 0.00084031 0.00204234 0.00048007 0.00084030 0.00060013 0.00120078 0.00180180 0.00084037 0.00360832 0.00156132 0.00168173 0.00060014 0.00216274 0.00096048 0.00108085 0.00096049 0.00096068 0.00084035 0.00072021 0.00072021 0.00084030 0.00409564 0.00084030 0.00108062 0.00084037 0.00084037 0.00072022 0.00060014 0.00084037 0.00084037 0.00072022 0.00072022 0.00060014 0.00072022 0.00072026 0.00084031 0.00084037 0.00072021 0.00060014 0.00060014 0.00096043 0.00084031 0.00084037 0.00060014 0.00084031 0.00072021 0.00168155 0.00048011 0.00060013 0.00048008 0.00048007 0.00048008 0.00060022 0.00084054 0.00072021 0.00072022 0.00108062 0.00108061 0.00120101 0.00084031 0.00108077 
OP479889            0.00693988 0.00755616 0.00714509 0.00694071 0.00694010 0.00693993 0.00735201 0.00735201 0.00735201 0.00755716 0.00000000 0.55917406 0.00551248 0.00552161 0.00101622 0.00630292 0.00426930 0.00681323 0.00660030 0.00660006 0.00574549 0.00880593 0.00652967 0.00652953 0.00632472 0.00714408 0.00734988 0.00734912 0.00632472 0.00632472 0.00714408 0.00734905 0.00714408 0.00734903 0.00714408 0.00714408 0.00652954 0.00652948 0.00654055 0.00632472 0.00673429 0.00778252 0.00591517 0.00755511 0.00693915 0.00694001 0.00755502 0.00714496 0.00673435 0.00632462 0.00632478 0.00817293 0.00714413 0.00776063 0.00714495 0.00714480 0.00632466 0.00673672 0.00632478 0.00734993 0.00755583 0.00734993 0.00734993 0.00755505 0.01044806 0.00755505 0.00632472 0.00735002 0.00735009 0.00735002 0.00714495 0.00735002 0.00735002 0.00735002 0.00735002 0.00714495 0.00735002 0.00714495 0.00735009 0.00735002 0.00735000 0.00714495 0.00714495 0.00755518 0.00735009 0.00735002 0.00714495 0.00735009 0.00735000 0.00734905 0.00735093 0.00734998 0.00734998 0.00734998 0.00714501 0.00735091 0.00796906 0.00755501 0.00755512 0.00632472 0.00652944 0.00694151 0.00735002 0.00673600 
OP672342            0.55716761 0.56280750 0.55716761 0.55772787 0.55716761 0.55716761 0.55716761 0.55716761 0.55716761 0.55997191 0.55917406 0.00000000 0.57521473 0.57999507 0.55966426 0.20491523 0.20491523 0.21158624 0.20494214 0.20494214 0.20494214 0.14947290 0.55721450 0.55715460 0.55715460 0.55709576 0.55709576 0.55709576 0.55715460 0.55715460 0.55709576 0.55709576 0.55709576 0.55709576 0.55709576 0.55709576 0.55995886 0.55989974 0.56606286 0.55715460 0.55715460 0.23857076 0.55709576 0.56253768 0.55981179 0.55709576 0.56253768 0.55709576 0.55715460 0.55715564 0.55709576 0.55981179 0.55987089 0.55987089 0.55703588 0.56532197 0.55709576 0.55703693 0.55709576 0.56253768 0.56253768 0.56253768 0.56253768 0.56253768 0.60102223 0.56253768 0.55715460 0.55703588 0.55709576 0.55703588 0.55703588 0.55703588 0.55703588 0.55703588 0.55703588 0.55703588 0.55709471 0.55703588 0.55709576 0.55703588 0.55709576 0.55703588 0.55703588 0.55709576 0.55709576 0.55703588 0.55703588 0.55709576 0.55709576 0.55709576 0.56143480 0.55981179 0.55981179 0.55981179 0.55709576 0.56129473 0.55709576 0.55981179 0.55709576 0.55709576 0.55709576 0.55727440 0.55715460 0.56135423 
OP718533            0.00985989 0.01024244 0.00998729 0.00973350 0.00973297 0.00985993 0.01011608 0.01011608 0.01011608 0.01024331 0.00551248 0.57521473 0.00000000 0.01534983 0.00654315 0.00884773 0.00749851 0.00933519 0.00959959 0.01011963 0.00881555 0.01066390 0.00947819 0.00947811 0.00947804 0.00998639 0.01011424 0.01011359 0.00947804 0.00947804 0.00998639 0.01011353 0.00998639 0.01011352 0.00998645 0.00998639 0.00960514 0.00960509 0.00948798 0.00935099 0.00973215 0.00998318 0.00896981 0.01011438 0.00973216 0.00973289 0.01011431 0.00986000 0.00973223 0.00960503 0.00935104 0.01151660 0.01011353 0.01024189 0.00986000 0.00998701 0.00947798 0.00960722 0.00947809 0.01024448 0.01011497 0.00998712 0.00998712 0.01011432 0.01293515 0.01011432 0.00947804 0.01011513 0.00998725 0.00998719 0.00986000 0.01011513 0.01011513 0.00998719 0.00998719 0.00986000 0.00998719 0.00998783 0.01011440 0.01011513 0.00998717 0.00986000 0.00986000 0.01024160 0.01011440 0.00998719 0.00986000 0.01011440 0.00998717 0.01011353 0.00998796 0.01011431 0.00998716 0.00998716 0.00998717 0.00998805 0.01037173 0.01024146 0.01011439 0.00960516 0.00947798 0.00973420 0.01011438 0.00960659 
OP718534            0.00599015 0.00738142 0.00552670 0.00552781 0.00552670 0.00599015 0.00599236 0.00599236 0.00599236 0.00645510 0.00552161 0.57999507 0.01534983 0.00000000 0.00506760 0.00559092 0.00508110 0.00661325 0.00610107 0.00661155 0.00508122 0.00829961 0.00552678 0.00552666 0.00552666 0.00598867 0.00598867 0.00645102 0.00552666 0.00552666 0.00598867 0.00645102 0.00598867 0.00598867 0.00598867 0.00598867 0.00598888 0.00598876 0.00554427 0.00552666 0.00552666 0.00632392 0.00552655 0.00645112 0.00645099 0.00552655 0.00691369 0.00552655 0.00598879 0.00552667 0.00552655 0.00645119 0.00598876 0.00645122 0.00552654 0.00691373 0.00552655 0.00599007 0.00552655 0.00645099 0.00691534 0.00645099 0.00645099 0.00645113 0.01111631 0.00645113 0.00552666 0.00552654 0.00552655 0.00552654 0.00552654 0.00552654 0.00552654 0.00552654 0.00552654 0.00552654 0.00552654 0.00552654 0.00552655 0.00552654 0.00552655 0.00552654 0.00552654 0.00552655 0.00552655 0.00552654 0.00552654 0.00552655 0.00552655 0.00645102 0.00599038 0.00598863 0.00598863 0.00598863 0.00552655 0.00599020 0.00691927 0.00598863 0.00552655 0.00552655 0.00552655 0.00599146 0.00552666 0.00599032 
OP718535            0.00715129 0.00776831 0.00735674 0.00715214 0.00715151 0.00715134 0.00756395 0.00756395 0.00756395 0.00776933 0.00101622 0.55966426 0.00654315 0.00506760 0.00000000 0.00653537 0.00449904 0.00703362 0.00682047 0.00682022 0.00596462 0.00902505 0.00674058 0.00674044 0.00653540 0.00735570 0.00756175 0.00756097 0.00653540 0.00653540 0.00735570 0.00756090 0.00735570 0.00756088 0.00735570 0.00735570 0.00674046 0.00674040 0.00675183 0.00653540 0.00694544 0.00801378 0.00612538 0.00776723 0.00715053 0.00715142 0.00776714 0.00735660 0.00694550 0.00653530 0.00653546 0.00838582 0.00735575 0.00797299 0.00735660 0.00735644 0.00653534 0.00694795 0.00653546 0.00756181 0.00776796 0.00756181 0.00756181 0.00776716 0.01066386 0.00776716 0.00653540 0.00756190 0.00756197 0.00756190 0.00735660 0.00756190 0.00756190 0.00756190 0.00756190 0.00735660 0.00756190 0.00735660 0.00756197 0.00756190 0.00756188 0.00735660 0.00735660 0.00776730 0.00756197 0.00756190 0.00735660 0.00756197 0.00756188 0.00756090 0.00756284 0.00756186 0.00756186 0.00756186 0.00735665 0.00756281 0.00818174 0.00776712 0.00776724 0.00653540 0.00674035 0.00715297 0.00756190 0.00694721 
OP781308            0.00358052 0.00409369 0.00358062 0.00332435 0.00332435 0.00358054 0.00383758 0.00370938 0.00370938 0.00370940 0.00630292 0.20491523 0.00884773 0.00559092 0.00653537 0.00000000 0.00127665 0.00358004 0.00319637 0.00396479 0.00268384 0.00396534 0.00319602 0.00319603 0.00345247 0.00383664 0.00383664 0.00396484 0.00332410 0.00345247 0.00383664 0.00396482 0.00383664 0.00396481 0.00383667 0.00383664 0.00396544 0.00345229 0.00345771 0.00306800 0.00370881 0.00362460 0.00281187 0.00345250 0.00358038 0.00345273 0.00345248 0.00345246 0.00345221 0.00345220 0.00306798 0.00524918 0.00358031 0.00383706 0.00345248 0.00358057 0.00319601 0.00332487 0.00319604 0.00358167 0.00345271 0.00332435 0.00332435 0.00345248 0.00615402 0.00345248 0.00332410 0.00370908 0.00370902 0.00358063 0.00345248 0.00370908 0.00370908 0.00358063 0.00358063 0.00345248 0.00358063 0.00358087 0.00370878 0.00370908 0.00358061 0.00345248 0.00345248 0.00383697 0.00370878 0.00370907 0.00345250 0.00370878 0.00358061 0.00409333 0.00345248 0.00358066 0.00345252 0.00345250 0.00358066 0.00358095 0.00396628 0.00370875 0.00383700 0.00332413 0.00332409 0.00332480 0.00370876 0.00319630 
OP781309            0.00229923 0.00281132 0.00229929 0.00204350 0.00204350 0.00229924 0.00255557 0.00242760 0.00242760 0.00242762 0.00426930 0.20491523 0.00749851 0.00508110 0.00449904 0.00127665 0.00000000 0.00229892 0.00191571 0.00268288 0.00140427 0.00268324 0.00191551 0.00191552 0.00217138 0.00255494 0.00255494 0.00268290 0.00204335 0.00217138 0.00255494 0.00268288 0.00255494 0.00268288 0.00255496 0.00255494 0.00268330 0.00217128 0.00217467 0.00178770 0.00242723 0.00232751 0.00153206 0.00217140 0.00229915 0.00217154 0.00217139 0.00217138 0.00217123 0.00217122 0.00178768 0.00396453 0.00229911 0.00255523 0.00217139 0.00229927 0.00191549 0.00204381 0.00191551 0.00229996 0.00217153 0.00204350 0.00204350 0.00217139 0.00486657 0.00217139 0.00204335 0.00242740 0.00242737 0.00229930 0.00217139 0.00242740 0.00242740 0.00229930 0.00229930 0.00217139 0.00229930 0.00229945 0.00242723 0.00242740 0.00229928 0.00217139 0.00217139 0.00255517 0.00242723 0.00242740 0.00217140 0.00242723 0.00229928 0.00281106 0.00217139 0.00229931 0.00217141 0.00217140 0.00229931 0.00229950 0.00268387 0.00242719 0.00255518 0.00204336 0.00204334 0.00204377 0.00242719 0.00191566 
OP781310            0.00308154 0.00345241 0.00320511 0.00295812 0.00295812 0.00308155 0.00345270 0.00332914 0.00332914 0.00332916 0.00681323 0.21158624 0.00933519 0.00661325 0.00703362 0.00358004 0.00229892 0.00000000 0.00295861 0.00332835 0.00209411 0.00533112 0.00271107 0.00271106 0.00295813 0.00332837 0.00345212 0.00345190 0.00283446 0.00295813 0.00332837 0.00345188 0.00332837 0.00345188 0.00332839 0.00332837 0.00345240 0.00295799 0.00296245 0.00258766 0.00320514 0.00343414 0.00221747 0.00308163 0.00295794 0.00308182 0.00308161 0.00308159 0.00295793 0.00283445 0.00258764 0.00456559 0.00320486 0.00332873 0.00308161 0.00295809 0.00271103 0.00283509 0.00271105 0.00320601 0.00308180 0.00295812 0.00295812 0.00308161 0.00568468 0.00308161 0.00283446 0.00332888 0.00332885 0.00320512 0.00308161 0.00332888 0.00332888 0.00320512 0.00320512 0.00308161 0.00320512 0.00320532 0.00332864 0.00332888 0.00320509 0.00308161 0.00308161 0.00345218 0.00332864 0.00332887 0.00308163 0.00332864 0.00320509 0.00357568 0.00308161 0.00320514 0.00308165 0.00308162 0.00320514 0.00320539 0.00357671 0.00332860 0.00345219 0.00283448 0.00283445 0.00295851 0.00332860 0.00271126 
OP781311            0.00258825 0.00295894 0.00271176 0.00246487 0.00246487 0.00258826 0.00295918 0.00283567 0.00283567 0.00283568 0.00660030 0.20494214 0.00959959 0.00610107 0.00682047 0.00319637 0.00191571 0.00295861 0.00000000 0.00283500 0.00160123 0.00520814 0.00221794 0.00221793 0.00246488 0.00283501 0.00295868 0.00295850 0.00234129 0.00246488 0.00283501 0.00295848 0.00283501 0.00295848 0.00283503 0.00283501 0.00295893 0.00246476 0.00246848 0.00209458 0.00271179 0.00279772 0.00172453 0.00258833 0.00246472 0.00258849 0.00258831 0.00258830 0.00246471 0.00234128 0.00209456 0.00407164 0.00271155 0.00283532 0.00258831 0.00246485 0.00221790 0.00234181 0.00221793 0.00271252 0.00258847 0.00246487 0.00246487 0.00258831 0.00518988 0.00258831 0.00234129 0.00283545 0.00283542 0.00271177 0.00258831 0.00283545 0.00283545 0.00271177 0.00271177 0.00258831 0.00271177 0.00271194 0.00283525 0.00283545 0.00271175 0.00258831 0.00258831 0.00295874 0.00283525 0.00283544 0.00258833 0.00283525 0.00271175 0.00308220 0.00258831 0.00271178 0.00258834 0.00258832 0.00271178 0.00271200 0.00308308 0.00283521 0.00295874 0.00234131 0.00234129 0.00246519 0.00283521 0.00221810 
OP781312            0.00221668 0.00258695 0.00234006 0.00209342 0.00209342 0.00221669 0.00258716 0.00246378 0.00246378 0.00246379 0.00660006 0.20494214 0.01011963 0.00661155 0.00682022 0.00396479 0.00268288 0.00332835 0.00283500 0.00000000 0.00123071 0.00570480 0.00184676 0.00184675 0.00209343 0.00246321 0.00258672 0.00258656 0.00197000 0.00209343 0.00246321 0.00258655 0.00246321 0.00258654 0.00246322 0.00246321 0.00258694 0.00209332 0.00209649 0.00172354 0.00234008 0.00254141 0.00135389 0.00221675 0.00209329 0.00221689 0.00221673 0.00221672 0.00209327 0.00196999 0.00172352 0.00369845 0.00233986 0.00246346 0.00221673 0.00209340 0.00184674 0.00197044 0.00184676 0.00234071 0.00221687 0.00209342 0.00209342 0.00221673 0.00481518 0.00221673 0.00197000 0.00246358 0.00246356 0.00234006 0.00221673 0.00246358 0.00246358 0.00234006 0.00234006 0.00221673 0.00234006 0.00234021 0.00246340 0.00246358 0.00234005 0.00221673 0.00221673 0.00258676 0.00246340 0.00246358 0.00221675 0.00246340 0.00234005 0.00271011 0.00221673 0.00234008 0.00221676 0.00221674 0.00234008 0.00234026 0.00271088 0.00246338 0.00258678 0.00197002 0.00196999 0.00209370 0.00246338 0.00184690 
OP781313            0.00098448 0.00135409 0.00110765 0.00086138 0.00086138 0.00098449 0.00135420 0.00123100 0.00123100 0.00123101 0.00574549 0.20494214 0.00881555 0.00508122 0.00596462 0.00268384 0.00140427 0.00209411 0.00160123 0.00123071 0.00000000 0.00446137 0.00061515 0.00061515 0.00086138 0.00123072 0.00135397 0.00135389 0.00073822 0.00086138 0.00123072 0.00135388 0.00123072 0.00135388 0.00123072 0.00123072 0.00135409 0.00086134 0.00086264 0.00049208 0.00110766 0.00126977 0.00012283 0.00098451 0.00086132 0.00098457 0.00098450 0.00098450 0.00086132 0.00073821 0.00049208 0.00246386 0.00110756 0.00123085 0.00098451 0.00086137 0.00061514 0.00073838 0.00061514 0.00110796 0.00098457 0.00086138 0.00086138 0.00098451 0.00357795 0.00098451 0.00073822 0.00123090 0.00123089 0.00110765 0.00098451 0.00123090 0.00123090 0.00110765 0.00110765 0.00098451 0.00110765 0.00110772 0.00123082 0.00123090 0.00110764 0.00098451 0.00098451 0.00135400 0.00123082 0.00123090 0.00098451 0.00123082 0.00110764 0.00147718 0.00098450 0.00110766 0.00098452 0.00098451 0.00110766 0.00110775 0.00147760 0.00123080 0.00135400 0.00073822 0.00073822 0.00086149 0.00123080 0.00061519 
OQ434234            0.00539865 0.00576860 0.00552188 0.00527569 0.00527569 0.00539868 0.00576903 0.00564587 0.00564587 0.00576907 0.00880593 0.14947290 0.01066390 0.00829961 0.00902505 0.00396534 0.00268324 0.00533112 0.00520814 0.00570480 0.00446137 0.00000000 0.00502930 0.00502929 0.00527570 0.00564457 0.00576807 0.00576768 0.00515227 0.00527570 0.00564457 0.00576768 0.00564457 0.00576767 0.00564460 0.00564457 0.00576855 0.00527546 0.00528338 0.00490631 0.00552194 0.00535108 0.00453725 0.00564499 0.00539841 0.00539916 0.00564495 0.00539875 0.00527534 0.00515226 0.00490627 0.00700169 0.00564454 0.00576830 0.00539878 0.00552180 0.00502922 0.00515340 0.00502928 0.00576971 0.00564531 0.00552183 0.00552183 0.00564496 0.00911462 0.00564496 0.00515227 0.00564543 0.00564539 0.00552190 0.00539878 0.00564543 0.00564543 0.00552190 0.00552190 0.00539878 0.00552193 0.00552224 0.00564503 0.00564543 0.00552186 0.00539878 0.00539878 0.00576818 0.00564503 0.00564542 0.00539881 0.00564503 0.00552186 0.00589124 0.00539878 0.00564503 0.00552192 0.00552188 0.00552193 0.00564586 0.00589290 0.00576806 0.00576819 0.00515230 0.00515225 0.00527640 0.00564496 0.00515304 
China_ASFV-SY18     0.00060008 0.00168146 0.00072016 0.00048006 0.00048004 0.00060008 0.00096050 0.00084037 0.00084037 0.00096050 0.00652967 0.55721450 0.00947819 0.00552678 0.00674058 0.00319602 0.00191551 0.00271107 0.00221794 0.00184676 0.00061515 0.00502930 0.00000000 0.00000053 0.00048004 0.00084018 0.00096034 0.00096028 0.00035950 0.00048004 0.00084018 0.00096027 0.00084018 0.00096027 0.00084019 0.00084018 0.00096042 0.00048001 0.00048072 0.00011982 0.00072016 0.00101231 0.00048000 0.00084024 0.00132067 0.00060013 0.00084023 0.00060008 0.00023965 0.00108039 0.00011982 0.00288480 0.00060003 0.00072017 0.00060009 0.00144091 0.00023965 0.00035958 0.00023965 0.00096060 0.00084029 0.00072015 0.00072015 0.00084024 0.00421633 0.00084024 0.00035950 0.00084030 0.00084030 0.00072016 0.00060009 0.00084030 0.00084030 0.00072016 0.00072016 0.00060009 0.00072016 0.00072021 0.00084024 0.00084030 0.00072015 0.00060009 0.00060009 0.00096035 0.00084024 0.00084030 0.00060009 0.00084024 0.00072015 0.00108046 0.00072021 0.00084024 0.00072016 0.00072016 0.00072016 0.00084037 0.00108076 0.00096033 0.00096035 0.00035950 0.00035950 0.00048010 0.00084024 0.00035955 
China_HLJ-2018      0.00060007 0.00168145 0.00072016 0.00048006 0.00048003 0.00060008 0.00096049 0.00084037 0.00084037 0.00096049 0.00652953 0.55715460 0.00947811 0.00552666 0.00674044 0.00319603 0.00191552 0.00271106 0.00221793 0.00184675 0.00061515 0.00502929 0.00000053 0.00000000 0.00048003 0.00084018 0.00096033 0.00096027 0.00035950 0.00048003 0.00084018 0.00096027 0.00084018 0.00096027 0.00084018 0.00084018 0.00096041 0.00048001 0.00048072 0.00011982 0.00072016 0.00101230 0.00048000 0.00084023 0.00132066 0.00060012 0.00084023 0.00060008 0.00023965 0.00108038 0.00011982 0.00288478 0.00060003 0.00072016 0.00060009 0.00144089 0.00023965 0.00035957 0.00023965 0.00096059 0.00084028 0.00072014 0.00072014 0.00084023 0.00421630 0.00084023 0.00035950 0.00084030 0.00084029 0.00072015 0.00060008 0.00084030 0.00084030 0.00072016 0.00072015 0.00060008 0.00072016 0.00072020 0.00084024 0.00084030 0.00072015 0.00060009 0.00060009 0.00096034 0.00084024 0.00084030 0.00060009 0.00084024 0.00072015 0.00108045 0.00072020 0.00084024 0.00072016 0.00072015 0.00072016 0.00084036 0.00108075 0.00096033 0.00096035 0.00035950 0.00035949 0.00048009 0.00084023 0.00035955 
OR460730            0.00084027 0.00192205 0.00096040 0.00072023 0.00072020 0.00084028 0.00120085 0.00108069 0.00108069 0.00108062 0.00632472 0.55715460 0.00947804 0.00552666 0.00653540 0.00345247 0.00217138 0.00295813 0.00246488 0.00209343 0.00086138 0.00527570 0.00048004 0.00048003 0.00000000 0.00108044 0.00120065 0.00120058 0.00011982 0.00000053 0.00108044 0.00120057 0.00108044 0.00120057 0.00108045 0.00108044 0.00072025 0.00023967 0.00024002 0.00035953 0.00023965 0.00126565 0.00072015 0.00108052 0.00156110 0.00060007 0.00108051 0.00084028 0.00072014 0.00132074 0.00035952 0.00312582 0.00108043 0.00120070 0.00084029 0.00168139 0.00048003 0.00060020 0.00048003 0.00120098 0.00108058 0.00096038 0.00096038 0.00108051 0.00421597 0.00108051 0.00011982 0.00108060 0.00108059 0.00096040 0.00084028 0.00108060 0.00108060 0.00096040 0.00096040 0.00084028 0.00096040 0.00096046 0.00108052 0.00108060 0.00096039 0.00084029 0.00084029 0.00120067 0.00108052 0.00108060 0.00072015 0.00108052 0.00096039 0.00108036 0.00096046 0.00096033 0.00084023 0.00084023 0.00084023 0.00108068 0.00132118 0.00120065 0.00108045 0.00060008 0.00060007 0.00072029 0.00108051 0.00060016 
OR460731            0.00120055 0.00228274 0.00132073 0.00108050 0.00108044 0.00120056 0.00156132 0.00144112 0.00144112 0.00156133 0.00714408 0.55709576 0.00998639 0.00598867 0.00735570 0.00383664 0.00255494 0.00332837 0.00283501 0.00246321 0.00123072 0.00564457 0.00084018 0.00084018 0.00108044 0.00000000 0.00011982 0.00011982 0.00096026 0.00108044 0.00000053 0.00011981 0.00000053 0.00011981 0.00000053 0.00000053 0.00156119 0.00108039 0.00108198 0.00072011 0.00132074 0.00164559 0.00108036 0.00144089 0.00192160 0.00120065 0.00144088 0.00120057 0.00108037 0.00168116 0.00072010 0.00348695 0.00144078 0.00156113 0.00120057 0.00204195 0.00084016 0.00096046 0.00084017 0.00156149 0.00144097 0.00132071 0.00132071 0.00144088 0.00482029 0.00144088 0.00096026 0.00144100 0.00144099 0.00132073 0.00120057 0.00144100 0.00144100 0.00132073 0.00132073 0.00120057 0.00132073 0.00132081 0.00144090 0.00144100 0.00132072 0.00120057 0.00120057 0.00156109 0.00144090 0.00144100 0.00120058 0.00144090 0.00132072 0.00023966 0.00132081 0.00144090 0.00132073 0.00132072 0.00132073 0.00144110 0.00168173 0.00156106 0.00156109 0.00096026 0.00096025 0.00108058 0.00144089 0.00096039 
OR460732            0.00132078 0.00240321 0.00144099 0.00120072 0.00120065 0.00132079 0.00168165 0.00156142 0.00156142 0.00168166 0.00734988 0.55709576 0.01011424 0.00598867 0.00756175 0.00383664 0.00255494 0.00345212 0.00295868 0.00258672 0.00135397 0.00576807 0.00096034 0.00096033 0.00120065 0.00011982 0.00000000 0.00023966 0.00108044 0.00120065 0.00011982 0.00023966 0.00011982 0.00023966 0.00011982 0.00011982 0.00168151 0.00120059 0.00120236 0.00084024 0.00144100 0.00164559 0.00120056 0.00156117 0.00204198 0.00132089 0.00156116 0.00132080 0.00120057 0.00180148 0.00084023 0.00360768 0.00156106 0.00168144 0.00132081 0.00216235 0.00096031 0.00108066 0.00096032 0.00168183 0.00156126 0.00144097 0.00144097 0.00156116 0.00494147 0.00156116 0.00108044 0.00156129 0.00156128 0.00144099 0.00132081 0.00156129 0.00156129 0.00144099 0.00144099 0.00132081 0.00144099 0.00144107 0.00156118 0.00156129 0.00144098 0.00132081 0.00132081 0.00168140 0.00156118 0.00156129 0.00132081 0.00156118 0.00144098 0.00035954 0.00144108 0.00156118 0.00144099 0.00144098 0.00144099 0.00156141 0.00180210 0.00168136 0.00168140 0.00108044 0.00108043 0.00120080 0.00156117 0.00108059 
OR460733            0.00132071 0.00240306 0.00144090 0.00120064 0.00120058 0.00132071 0.00168155 0.00156133 0.00156133 0.00168156 0.00734912 0.55709576 0.01011359 0.00645102 0.00756097 0.00396484 0.00268290 0.00345190 0.00295850 0.00258656 0.00135389 0.00576768 0.00096028 0.00096027 0.00120058 0.00011982 0.00023966 0.00000000 0.00108037 0.00120058 0.00011982 0.00000053 0.00011982 0.00023965 0.00011982 0.00011982 0.00168141 0.00120052 0.00120228 0.00084019 0.00144092 0.00177231 0.00120049 0.00156108 0.00204186 0.00132082 0.00156107 0.00132072 0.00120050 0.00180138 0.00084017 0.00360746 0.00156096 0.00168134 0.00132073 0.00216222 0.00096026 0.00108060 0.00096027 0.00168173 0.00156116 0.00144088 0.00144088 0.00156107 0.00494117 0.00156107 0.00108037 0.00156120 0.00156118 0.00144090 0.00132073 0.00156120 0.00156120 0.00144090 0.00144090 0.00132073 0.00144091 0.00144099 0.00156109 0.00156120 0.00144089 0.00132073 0.00132073 0.00168129 0.00156109 0.00156119 0.00132073 0.00156109 0.00144089 0.00011982 0.00144100 0.00156109 0.00144091 0.00144089 0.00144091 0.00156131 0.00180199 0.00168126 0.00168130 0.00108037 0.00108036 0.00120073 0.00156108 0.00108052 
OR460734            0.00072013 0.00180167 0.00084023 0.00060011 0.00060008 0.00072014 0.00108061 0.00096048 0.00096048 0.00108062 0.00632472 0.55715460 0.00947804 0.00552666 0.00653540 0.00332410 0.00204335 0.00283446 0.00234129 0.00197000 0.00073822 0.00515227 0.00035950 0.00035950 0.00011982 0.00096026 0.00108044 0.00108037 0.00000000 0.00011982 0.00096026 0.00108036 0.00096026 0.00108036 0.00096026 0.00096026 0.00060012 0.00011982 0.00011999 0.00023965 0.00035952 0.00113892 0.00060004 0.00096032 0.00144081 0.00072019 0.00096032 0.00072014 0.00060004 0.00120050 0.00023965 0.00300517 0.00096025 0.00108047 0.00072015 0.00156107 0.00035949 0.00048010 0.00035950 0.00108073 0.00096038 0.00084022 0.00084022 0.00096032 0.00433705 0.00096032 0.00000053 0.00096040 0.00096039 0.00084023 0.00072014 0.00096040 0.00096040 0.00084023 0.00084023 0.00072014 0.00084023 0.00084028 0.00096033 0.00096040 0.00084022 0.00072015 0.00072015 0.00108045 0.00096033 0.00096040 0.00072015 0.00096033 0.00084022 0.00120057 0.00084028 0.00096033 0.00084023 0.00084023 0.00084023 0.00096047 0.00120090 0.00108043 0.00108045 0.00048000 0.00047999 0.00060015 0.00096032 0.00048006 
OR460735            0.00084027 0.00192205 0.00096040 0.00072023 0.00072020 0.00084028 0.00120085 0.00108069 0.00108069 0.00108062 0.00632472 0.55715460 0.00947804 0.00552666 0.00653540 0.00345247 0.00217138 0.00295813 0.00246488 0.00209343 0.00086138 0.00527570 0.00048004 0.00048003 0.00000053 0.00108044 0.00120065 0.00120058 0.00011982 0.00000000 0.00108044 0.00120057 0.00108044 0.00120057 0.00108045 0.00108044 0.00072025 0.00023967 0.00024002 0.00035953 0.00023965 0.00126565 0.00072015 0.00108052 0.00156110 0.00060007 0.00108051 0.00084028 0.00072014 0.00132074 0.00035952 0.00312582 0.00108043 0.00120070 0.00084029 0.00168139 0.00048003 0.00060020 0.00048003 0.00120098 0.00108058 0.00096038 0.00096038 0.00108051 0.00421597 0.00108051 0.00011982 0.00108060 0.00108059 0.00096040 0.00084028 0.00108060 0.00108060 0.00096040 0.00096040 0.00084028 0.00096040 0.00096046 0.00108052 0.00108060 0.00096039 0.00084029 0.00084029 0.00120067 0.00108052 0.00108060 0.00072015 0.00108052 0.00096039 0.00108036 0.00096046 0.00096033 0.00084023 0.00084023 0.00084023 0.00108068 0.00132118 0.00120065 0.00108045 0.00060008 0.00060007 0.00072029 0.00108051 0.00060016 
OR460736            0.00120055 0.00228274 0.00132073 0.00108050 0.00108044 0.00120056 0.00156132 0.00144112 0.00144112 0.00156133 0.00714408 0.55709576 0.00998639 0.00598867 0.00735570 0.00383664 0.00255494 0.00332837 0.00283501 0.00246321 0.00123072 0.00564457 0.00084018 0.00084018 0.00108044 0.00000053 0.00011982 0.00011982 0.00096026 0.00108044 0.00000000 0.00011981 0.00000053 0.00011981 0.00000053 0.00000053 0.00156119 0.00108039 0.00108198 0.00072011 0.00132074 0.00164559 0.00108036 0.00144089 0.00192160 0.00120065 0.00144088 0.00120057 0.00108037 0.00168116 0.00072010 0.00348695 0.00144078 0.00156113 0.00120057 0.00204195 0.00084016 0.00096046 0.00084017 0.00156149 0.00144097 0.00132071 0.00132071 0.00144088 0.00482029 0.00144088 0.00096026 0.00144100 0.00144099 0.00132073 0.00120057 0.00144100 0.00144100 0.00132073 0.00132073 0.00120057 0.00132073 0.00132081 0.00144090 0.00144100 0.00132072 0.00120057 0.00120057 0.00156109 0.00144090 0.00144100 0.00120058 0.00144090 0.00132072 0.00023966 0.00132081 0.00144090 0.00132073 0.00132072 0.00132073 0.00144110 0.00168173 0.00156106 0.00156109 0.00096026 0.00096025 0.00108058 0.00144089 0.00096039 
OR460737            0.00132070 0.00240305 0.00144090 0.00120064 0.00120057 0.00132070 0.00168154 0.00156132 0.00156132 0.00168155 0.00734905 0.55709576 0.01011353 0.00645102 0.00756090 0.00396482 0.00268288 0.00345188 0.00295848 0.00258655 0.00135388 0.00576768 0.00096027 0.00096027 0.00120057 0.00011981 0.00023966 0.00000053 0.00108036 0.00120057 0.00011981 0.00000000 0.00011981 0.00023964 0.00011982 0.00011981 0.00168140 0.00120051 0.00120228 0.00084018 0.00144091 0.00177230 0.00120048 0.00156107 0.00204184 0.00132081 0.00156106 0.00132071 0.00120049 0.00180137 0.00084017 0.00360744 0.00156096 0.00168133 0.00132072 0.00216221 0.00096025 0.00108059 0.00096026 0.00168172 0.00156116 0.00144087 0.00144087 0.00156106 0.00494114 0.00156106 0.00108036 0.00156119 0.00156117 0.00144089 0.00132072 0.00156119 0.00156119 0.00144089 0.00144089 0.00132072 0.00144090 0.00144098 0.00156108 0.00156119 0.00144088 0.00132072 0.00132072 0.00168128 0.00156108 0.00156118 0.00132073 0.00156108 0.00144088 0.00011982 0.00144099 0.00156108 0.00144090 0.00144089 0.00144090 0.00156130 0.00180198 0.00168125 0.00168129 0.00108037 0.00108035 0.00120072 0.00156107 0.00108052 
OR460738            0.00120055 0.00228274 0.00132073 0.00108050 0.00108044 0.00120056 0.00156132 0.00144112 0.00144112 0.00156133 0.00714408 0.55709576 0.00998639 0.00598867 0.00735570 0.00383664 0.00255494 0.00332837 0.00283501 0.00246321 0.00123072 0.00564457 0.00084018 0.00084018 0.00108044 0.00000053 0.00011982 0.00011982 0.00096026 0.00108044 0.00000053 0.00011981 0.00000000 0.00011981 0.00000053 0.00000053 0.00156119 0.00108039 0.00108198 0.00072011 0.00132074 0.00164559 0.00108036 0.00144089 0.00192160 0.00120065 0.00144088 0.00120057 0.00108037 0.00168116 0.00072010 0.00348695 0.00144078 0.00156113 0.00120057 0.00204195 0.00084016 0.00096046 0.00084017 0.00156149 0.00144097 0.00132071 0.00132071 0.00144088 0.00482029 0.00144088 0.00096026 0.00144100 0.00144099 0.00132073 0.00120057 0.00144100 0.00144100 0.00132073 0.00132073 0.00120057 0.00132073 0.00132081 0.00144090 0.00144100 0.00132072 0.00120057 0.00120057 0.00156109 0.00144090 0.00144100 0.00120058 0.00144090 0.00132072 0.00023966 0.00132081 0.00144090 0.00132073 0.00132072 0.00132073 0.00144110 0.00168173 0.00156106 0.00156109 0.00096026 0.00096025 0.00108058 0.00144089 0.00096039 
OR460739            0.00132070 0.00240304 0.00144089 0.00120063 0.00120057 0.00132070 0.00168154 0.00156131 0.00156131 0.00168155 0.00734903 0.55709576 0.01011352 0.00598867 0.00756088 0.00396481 0.00268288 0.00345188 0.00295848 0.00258654 0.00135388 0.00576767 0.00096027 0.00096027 0.00120057 0.00011981 0.00023966 0.00023965 0.00108036 0.00120057 0.00011981 0.00023964 0.00011981 0.00000000 0.00011981 0.00011981 0.00168140 0.00120051 0.00120228 0.00084018 0.00144091 0.00177230 0.00120048 0.00156107 0.00204184 0.00132081 0.00156106 0.00132071 0.00120049 0.00180136 0.00084017 0.00360743 0.00156095 0.00168133 0.00132072 0.00216221 0.00096025 0.00108059 0.00096026 0.00168172 0.00156115 0.00144087 0.00144087 0.00156106 0.00494113 0.00156106 0.00108036 0.00156119 0.00156117 0.00144089 0.00132072 0.00156119 0.00156119 0.00144089 0.00144089 0.00132072 0.00144090 0.00144098 0.00156108 0.00156119 0.00144088 0.00132072 0.00132072 0.00168128 0.00156108 0.00156118 0.00132072 0.00156108 0.00144088 0.00035952 0.00144099 0.00156108 0.00144089 0.00144088 0.00144090 0.00156130 0.00180198 0.00168125 0.00168129 0.00108037 0.00108035 0.00120072 0.00156107 0.00108052 
